"realInteractionDistance" "loessExpectedValue" "loggendist" "loginteraction"
"1" 40000 1788.45179760114 4.60205999132796 0
"2" 80000 1563.00596462992 4.90308998699194 -0.0585166041812444
"3" 120000 1346.88190355599 5.07918124604763 -0.123147721667408
"4" 160000 1137.3896454781 5.20411998265593 -0.196567969305086
"5" 200000 934.737378984471 5.30102999566398 -0.28178762959387
"6" 240000 765.255727385383 5.38021124171161 -0.368670650865196
"7" 280000 643.345164343638 5.44715803134222 -0.444033198562016
"8" 320000 550.665856842749 5.50514997831991 -0.511589089946569
"9" 360000 478.47698391633 5.55630250076729 -0.572616187692895
"10" 400000 422.55094378588 5.60205999132796 -0.626598163468554
"11" 440000 374.214082836446 5.64345267648619 -0.679357112206957
"12" 480000 334.642497821217 5.68124123737559 -0.727896146303602
"13" 520000 301.435533465302 5.7160033436348 -0.773282793544411
"14" 560000 273.778549571336 5.7481880270062 -0.81507782117698
"15" 600000 248.576190992755 5.77815125038364 -0.857017710617857
"16" 640000 226.660871454403 5.80617997398389 -0.89710068533811
"17" 680000 207.498301268772 5.83250891270624 -0.935462693912869
"18" 720000 189.874653690158 5.85733249643127 -0.974010244759008
"19" 760000 174.882864086616 5.88081359228079 -1.0097299823477
"20" 800000 161.889960207267 5.90308998699194 -1.04325732321174
"21" 840000 149.755498480225 5.92427928606188 -1.07709446245009
"22" 880000 139.213843259088 5.94448267215017 -1.10879481637779
"23" 920000 129.571528718305 5.96378782734556 -1.13996765681101
"24" 960000 121.176936774126 5.98227123303957 -1.16905726973643
"25" 1000000 113.699640862761 6 -1.19671814662054
"26" 1040000 106.877618561933 6.01703333929878 -1.22359047120035
"27" 1080000 100.402233847622 6.03342375548695 -1.25073386399951
"28" 1120000 94.6795358746543 6.04921802267018 -1.27622111920468
"29" 1160000 88.9498731546101 6.06445798922692 -1.30333190642424
"30" 1200000 84.2442029138792 6.07918124604763 -1.32693721400863
"31" 1240000 79.6855747555057 6.09342168516223 -1.35109753006405
"32" 1280000 75.3804931951582 6.10720996964787 -1.37521826492682
"33" 1320000 71.4165836003428 6.12057393120585 -1.39867816878903
"34" 1360000 67.9104160964282 6.13353890837022 -1.42054084806996
"35" 1400000 64.8200278831921 6.14612803567824 -1.44076802601293
"36" 1440000 61.8299624370996 6.15836249209525 -1.46127825687003
"37" 1480000 59.4429447675199 6.17026171539496 -1.47837692355535
"38" 1520000 56.9871786790816 6.18184358794477 -1.49670008306937
"39" 1560000 54.6845972456304 6.19312459835446 -1.51461222166156
"40" 1600000 52.5804142805573 6.20411998265593 -1.53165323594098
"41" 1640000 50.5095646512987 6.2148438480477 -1.54910361424049
"42" 1680000 48.7991069584075 6.22530928172586 -1.56406536519988
"43" 1720000 47.362285906766 6.23552844690755 -1.57704458439422
"44" 1760000 45.9031241430636 6.24551266781415 -1.59063499512404
"45" 1800000 44.6712631391966 6.25527250510331 -1.60244900662889
"46" 1840000 43.3352518627876 6.26481782300954 -1.61563591451693
"47" 1880000 41.9652490042513 6.27415784926368 -1.62958743514793
"48" 1920000 40.7968985539955 6.28330122870355 -1.64185009094863
"49" 1960000 39.7453863776889 6.29225607135648 -1.65319051627002
"50" 2000000 38.7441965736484 6.30102999566398 -1.66427058003387
"51" 2040000 37.7135326848161 6.3096301674259 -1.67598002418117
"52" 2080000 36.6830704882045 6.31806333496276 -1.68801155919517
"53" 2120000 35.712858019207 6.32633586092875 -1.69965263233856
"54" 2160000 34.5870421773656 6.33445375115093 -1.7135638160198
"55" 2200000 33.5941200260104 6.34242268082221 -1.72621396998582
"56" 2240000 32.7692783770496 6.35024801833416 -1.73701036177921
"57" 2280000 31.9842975091568 6.35793484700045 -1.74754042304577
"58" 2320000 31.3056181142383 6.3654879848909 -1.75685495638708
"59" 2360000 30.6850232798243 6.37291200297011 -1.76555078242015
"60" 2400000 30.1105967918712 6.38021124171161 -1.77375787621425
"61" 2440000 29.5178407402072 6.38738982633873 -1.78239265429271
"62" 2480000 29.0000501412248 6.39445168082622 -1.79007849072984
"63" 2520000 28.56748957484 6.40140054078154 -1.79660516196148
"64" 2560000 28.3785423028116 6.40823996531185 -1.79948715587894
"65" 2600000 27.8209286125254 6.41497334797082 -1.80810561766055
"66" 2640000 27.3114704629367 6.42160392686983 -1.81613215612999
"67" 2680000 26.7280701180707 6.42813479402879 -1.82550963757262
"68" 2720000 26.2545120967831 6.4345689040342 -1.83327328758132
"69" 2760000 25.7469390131686 6.44090908206522 -1.84175163522557
"70" 2800000 25.2235751316312 6.44715803134222 -1.85067059702399
"71" 2840000 24.7054576636123 6.45331834004704 -1.85968433600918
"72" 2880000 24.2201712061913 6.45939248775923 -1.86830003079225
"73" 2920000 23.7506526621658 6.46538285144842 -1.87680169109494
"74" 2960000 23.2979183373967 6.47129171105894 -1.88516012085984
"75" 3000000 22.7844129033555 6.47712125471966 -1.89483939713347
"76" 3040000 22.2720513932796 6.48287358360875 -1.90471701945037
"77" 3080000 21.8535585538079 6.48855071650044 -1.91295507353159
"78" 3120000 21.4460770687141 6.49415459401844 -1.9211293771888
"79" 3160000 21.0075184581757 6.4996870826184 -1.93010248572005
"80" 3200000 20.6288559027239 6.50514997831991 -1.93800209729817
"81" 3240000 20.286081994927 6.51054501020661 -1.94527906298574
"82" 3280000 19.9717179946624 6.51587384371168 -1.95206181444015
"83" 3320000 19.6944217786919 6.52113808370404 -1.95813400492783
"84" 3360000 19.4353543730074 6.52633927738984 -1.96388477581287
"85" 3400000 19.0398409689163 6.53147891704226 -1.97281392292625
"86" 3440000 18.6430966033781 6.53655844257153 -1.98195918955242
"87" 3480000 18.197047577385 6.54157924394658 -1.99247630895164
"88" 3520000 17.7772401460431 6.54654266347813 -2.00261290034906
"89" 3560000 17.3809713584495 6.55144999797287 -2.01240319561734
"90" 3600000 17.028865387154 6.55630250076729 -2.02129152711978
"91" 3640000 16.7790731412089 6.56110138364906 -2.02770927235318
"92" 3680000 16.6071084144961 6.56584781867352 -2.03218321869179
"93" 3720000 16.4726898905084 6.5705429398819 -2.03571271690706
"94" 3760000 16.3521682542537 6.57518784492766 -2.03890189241269
"95" 3800000 16.1111589773035 6.57978359661681 -2.04535045644184
"96" 3840000 15.9253912516475 6.58433122436753 -2.05038712873315
"97" 3880000 15.6260668737346 6.58883172559421 -2.05862756093084
"98" 3920000 15.3769129243905 6.59328606702046 -2.06560808445614
"99" 3960000 15.0834454558724 6.59769518592551 -2.07397668237236
"100" 4000000 14.8342704498933 6.60205999132796 -2.08121104697133
"101" 4040000 14.6490562998698 6.6063813651106 -2.08666759142085
"102" 4080000 14.5347632782576 6.61066016308988 -2.09006927653916
"103" 4120000 14.459734897354 6.61489721603313 -2.09231690878612
"104" 4160000 14.349427699123 6.61909333062674 -2.09564265915835
"105" 4200000 14.1502592246482 6.6232492903979 -2.10171284356721
"106" 4240000 14.0099953113148 6.62736585659273 -2.10603924958497
"107" 4280000 13.8203021974807 6.63144376901317 -2.11195970001502
"108" 4320000 13.6291135302877 6.63548374681491 -2.11800963031155
"109" 4360000 13.2934528651556 6.63948648926859 -2.12883943950812
"110" 4400000 13.0278968241696 6.64345267648619 -2.13760292906209
"111" 4440000 12.7889551332627 6.64738297011462 -2.14564217576693
"112" 4480000 12.6070452740333 6.65127801399814 -2.1518639270651
"113" 4520000 12.3807404081086 6.65513843481138 -2.15973062185867
"114" 4560000 12.1717437790621 6.65896484266444 -2.16712443784767
"115" 4600000 11.9488205531155 6.66275783168157 -2.17515220056497
"116" 4640000 11.884174656062 6.66651798055488 -2.17750821372873
"117" 4680000 11.8012843906317 6.67024585307412 -2.18054796328762
"118" 4720000 11.6734022168321 6.67394199863409 -2.18527978976603
"119" 4760000 11.509091817951 6.67760695272049 -2.19143618470781
"120" 4800000 11.3161907682651 6.68124123737559 -2.19877697934666
"121" 4840000 11.1769108448599 6.68484536164441 -2.20415545282913
"122" 4880000 11.0522491669397 6.68841982200271 -2.20902657223921
"123" 4920000 10.8839531490084 6.69196510276736 -2.21569057587604
"124" 4960000 10.8395119104894 6.6954816764902 -2.21746751261522
"125" 5000000 10.756947490779 6.69897000433602 -2.22078819087183
"126" 5040000 10.6920009896788 6.70243053644553 -2.22341824924277
"127" 5080000 10.6286004271171 6.70586371228392 -2.22600115908594
"128" 5120000 10.5769962528997 6.70926996097583 -2.22811488903037
"129" 5160000 10.5702391094732 6.71264970162721 -2.22839242792878
"130" 5200000 10.5849547329649 6.7160033436348 -2.22778823444716
"131" 5240000 10.5674411646993 6.71933128698373 -2.22850740099747
"132" 5280000 10.486725917821 6.72263392253381 -2.23183732214057
"133" 5320000 10.3711098232458 6.72591163229505 -2.23665200634675
"134" 5360000 10.2925931372317 6.72916478969277 -2.23995243392732
"135" 5400000 10.2182868204536 6.73239375982297 -2.24309915065469
"136" 5440000 10.1885306124397 6.73559889969818 -2.24436568485525
"137" 5480000 10.1507021239589 6.73878055848437 -2.24598115609372
"138" 5520000 10.0793919641818 6.7419390777292 -2.24904290529071
"139" 5560000 10.0442467300652 6.74507479158206 -2.25055986720724
"140" 5600000 9.96318287977431 6.7481880270062 -2.25407913741821
"141" 5640000 9.87754309660582 6.75127910398334 -2.25782830630331
"142" 5680000 9.745269519594 6.75434833571102 -2.26368338486177
"143" 5720000 9.58886290329909 6.75739602879302 -2.27071013017688
"144" 5760000 9.43383749295882 6.76042248342321 -2.27778884869809
"145" 5800000 9.33547810848949 6.76342799356294 -2.2823406746533
"146" 5840000 9.2891150513272 6.7664128471124 -2.28450289761395
"147" 5880000 9.26462898952129 6.76937732607614 -2.28564920724033
"148" 5920000 9.1780044787786 6.77232170672292 -2.28972897423642
"149" 5960000 9.09013404796831 6.77524625974024 -2.29390695191926
"150" 6000000 8.99861042913225 6.77815125038364 -2.29830178892655
"151" 6040000 8.91210675773518 6.78103693862113 -2.30249685927135
"152" 6080000 8.78570585766215 6.78390357927274 -2.30870058038028
"153" 6120000 8.6155672983981 6.78675142214556 -2.31719336035988
"154" 6160000 8.43254912039934 6.78958071216443 -2.32651835985147
"155" 6200000 8.33305050219742 6.79239168949825 -2.33167322566463
"156" 6240000 8.26224895637422 6.79518458968242 -2.33537896261758
"157" 6280000 8.23173094708956 6.7979596437372 -2.33698607239133
"158" 6320000 8.21918213703743 6.80071707828238 -2.33764863500889
"159" 6360000 8.24139083529746 6.80345711564841 -2.33647672914956
"160" 6400000 8.27537694469976 6.80617997398389 -2.33468945444754
"161" 6440000 8.3130883622165 6.80888586735981 -2.3327148427588
"162" 6480000 8.37069679728116 6.81157500587059 -2.32971562829343
"163" 6520000 8.41598671826991 6.81424759573192 -2.3273721981004
"164" 6560000 8.41537052422166 6.81690383937566 -2.32740399704225
"165" 6600000 8.38554110894574 6.81954393554187 -2.32894614717647
"166" 6640000 8.33962731654936 6.82216807936802 -2.3313305963209
"167" 6680000 8.29532658706714 6.82477646247555 -2.33364375065285
"168" 6720000 8.21542582992129 6.82736927305382 -2.33784716039928
"169" 6760000 8.09112930566494 6.82994669594164 -2.34446809776729
"170" 6800000 7.96788664795133 6.83250891270624 -2.35113409238907
"171" 6840000 7.90033785103293 6.83505610172012 -2.35483157561573
"172" 6880000 7.8228079472198 6.83758843823551 -2.35911457123725
"173" 6920000 7.74067017951403 6.84010609445676 -2.36369867643231
"174" 6960000 7.66081334661649 6.84260923961056 -2.36820235851085
"175" 7000000 7.57336615845325 6.84509804001426 -2.37318828484764
"176" 7040000 7.49229787888815 6.84757265914211 -2.37786220379389
"177" 7080000 7.4400205132612 6.85003325768977 -2.38090310656361
"178" 7120000 7.41769265465831 6.85247999363686 -2.38220840475775
"179" 7160000 7.40070273927502 6.85491302230786 -2.38320427907964
"180" 7200000 7.381422658486 6.85733249643127 -2.3843371658899
"181" 7240000 7.36251533794565 6.85973856619715 -2.38545102698745
"182" 7280000 7.33121395915337 6.86213137931304 -2.38730134508897
"183" 7320000 7.33764767094027 6.86451108105839 -2.38692038496039
"184" 7360000 7.32089196964511 6.8668778143375 -2.3879132412695
"185" 7400000 7.29442837318945 6.86923171973098 -2.3894859753872
"186" 7440000 7.27009248003902 6.87157293554588 -2.3909373041401
"187" 7480000 7.19811009290022 6.87390159786446 -2.39525875475724
"188" 7520000 7.15521998514547 6.87621784059164 -2.39785424896881
"189" 7560000 7.11586048662271 6.87852179550121 -2.40024981479774
"190" 7600000 7.10708899372922 6.88081359228079 -2.40078548589042
"191" 7640000 7.08354958322837 6.88309335857569 -2.40222630131376
"192" 7680000 7.01519889062133 6.88536122003151 -2.40643725113665
"193" 7720000 6.98461685678286 6.88761730033574 -2.40833465177494
"194" 7760000 6.95202507400411 6.88986172125819 -2.41036590970488
"195" 7800000 6.90531350423553 6.89209460269048 -2.41329383900612
"196" 7840000 6.84185259144332 6.89431606268444 -2.41730352650493
"197" 7880000 6.78317714060667 6.89652621748955 -2.42104408084534
"198" 7920000 6.74299335325498 6.89872518158949 -2.42362450794526
"199" 7960000 6.68542648073008 6.90091306773767 -2.42734812227126
"200" 8000000 6.63706839802927 6.90308998699194 -2.43050094625805
"201" 8040000 6.58365936764829 6.90525604874845 -2.43400988672976
"202" 8080000 6.5362932079506 6.90741136077459 -2.43714571379013
"203" 8120000 6.50449242292468 6.90955602924118 -2.43926382741057
"204" 8160000 6.45877934174827 6.91169015875386 -2.44232679200134
"205" 8200000 6.43451899298372 6.91381385238372 -2.44396115238895
"206" 8240000 6.39684211619884 6.91592721169712 -2.44651160772576
"207" 8280000 6.34433922908115 6.91803033678488 -2.45009084305772
"208" 8320000 6.30794086887839 6.92012332629072 -2.45258962596052
"209" 8360000 6.30368259382989 6.92220627743902 -2.45288290230701
"210" 8400000 6.28772272833458 6.92427928606188 -2.45398385729197
"211" 8440000 6.2694146828688 6.92634244662565 -2.45525024285322
"212" 8480000 6.26678542060014 6.92839585225671 -2.45543241513861
"213" 8520000 6.22616738145415 6.9304395947667 -2.45825644764777
"214" 8560000 6.21125917530448 6.93247376467715 -2.45929758823054
"215" 8600000 6.22193125053842 6.93449845124357 -2.45855203148057
"216" 8640000 6.21703146506446 6.93651374247889 -2.45889417414191
"217" 8680000 6.21148522150837 6.93851972517649 -2.45928178324963
"218" 8720000 6.16702861883427 6.94051648493257 -2.46240127570018
"219" 8760000 6.12418313070877 6.94250410616808 -2.46542907065082
"220" 8800000 6.06135891544675 6.94448267215017 -2.46990723857508
"221" 8840000 6.0034775996344 6.94645226501307 -2.4740743450072
"222" 8880000 5.9650752448013 6.9484129657786 -2.47686131319745
"223" 8920000 5.93999176144854 6.95036485437612 -2.47869139689564
"224" 8960000 5.90459746987943 6.95230800966212 -2.48128694343131
"225" 9000000 5.87074363642292 6.95424250943933 -2.48378412350224
"226" 9040000 5.84068550828244 6.95616843047536 -2.48601341724428
"227" 9080000 5.82640788440996 6.95808584852109 -2.48707635488421
"228" 9120000 5.78156732278247 6.95999483832842 -2.4904316524271
"229" 9160000 5.77165974023861 6.96189547366785 -2.49117651954676
"230" 9200000 5.76737782409549 6.96378782734556 -2.49149883631329
"231" 9240000 5.77518604126301 6.96567197122011 -2.49091126041833
"232" 9280000 5.79210500503566 6.96754797621886 -2.48964081294425
"233" 9320000 5.81519565914833 6.96941591235398 -2.48791290786394
"234" 9360000 5.82061388893657 6.97127584873811 -2.4875084482586
"235" 9400000 5.82775004192769 6.9731278535997 -2.48697632335726
"236" 9440000 5.81870673543153 6.97497199429807 -2.48765077035412
"237" 9480000 5.76009407402878 6.97680833733807 -2.49204766313507
"238" 9520000 5.7005508104246 6.97863694838447 -2.49656041852599
"239" 9560000 5.70402367276138 6.9804578922761 -2.49629592027608
"240" 9600000 5.64860304007325 6.98227123303957 -2.500536184097
"241" 9640000 5.60878066204189 6.98407703390283 -2.5036087827811
"242" 9680000 5.58271641696999 6.98587535730839 -2.50563167180038
"243" 9720000 5.59219276331321 6.98766626492627 -2.50489510636695
"244" 9760000 5.58124134858152 6.98944981766669 -2.50574643648845
"245" 9800000 5.5864723690541 6.9912260756925 -2.50533958445955
"246" 9840000 5.61261161272187 6.99299509843134 -2.50331224902403
"247" 9880000 5.62990620636886 6.99475694458763 -2.50197607991436
"248" 9920000 5.62558988496095 6.99651167215418 -2.50230917134743
"249" 9960000 5.62775028089664 6.9982593384237 -2.50214242120368
"250" 10000000 5.57770312251568 7 -2.50602184463509
"251" 10040000 5.53810838343356 7.001733712809 -2.50911578868293
"252" 10080000 5.48358718940756 7.00346053210951 -2.51341248635421
"253" 10120000 5.41689452193472 7.00518051250378 -2.51872686046295
"254" 10160000 5.33085093384919 7.0068937079479 -2.52568070097317
"255" 10200000 5.29658821528683 7.00860017176192 -2.52848102962304
"256" 10240000 5.27069743044189 7.01029995663981 -2.53060915369705
"257" 10280000 5.25300022605695 7.01199311465926 -2.53206982003419
"258" 10320000 5.21396977833041 7.01367969729119 -2.53530872998289
"259" 10360000 5.22992092347833 7.01535975540921 -2.53398211715207
"260" 10400000 5.24842054691941 7.01703333929878 -2.53244861249426
"261" 10440000 5.28324584848755 7.01870049866624 -2.52957641908064
"262" 10480000 5.31862248173031 7.02036128264771 -2.52667807453416
"263" 10520000 5.32055241135321 7.02201573981772 -2.52652051385802
"264" 10560000 5.33357936528296 7.02366391819779 -2.52545847761786
"265" 10600000 5.36303443475595 7.02530586526477 -2.5230666540541
"266" 10640000 5.37212004476366 7.02694162795903 -2.52233153072807
"267" 10680000 5.44173276145393 7.02857125269254 -2.51674002936623
"268" 10720000 5.48450304966591 7.03019478535675 -2.51333995721766
"269" 10760000 5.52292693021195 7.03181227133037 -2.51030794209617
"270" 10800000 5.51058299830008 7.03342375548695 -2.51127969157311
"271" 10840000 5.48057247870012 7.03502928220237 -2.51365131400675
"272" 10880000 5.42002481019727 7.03662889536216 -2.51847596499805
"273" 10920000 5.34552471035578 7.03822263836872 -2.52448689805904
"274" 10960000 5.2892691917273 7.03981055414835 -2.52908156898969
"275" 11000000 5.17948253981581 7.04139268515823 -2.53819086613823
"276" 11040000 5.09596076374391 7.04296907339318 -2.54525116402888
"277" 11080000 4.9999517252766 7.04453976039241 -2.5535114283001
"278" 11120000 4.92239751342077 7.04610478724604 -2.56030055683316
"279" 11160000 4.86845313530566 7.04766419460156 -2.56508624576895
"280" 11200000 4.81739415425617 7.04921802267018 -2.56966505822876
"281" 11240000 4.77124285130333 7.05076631123304 -2.57384571726731
"282" 11280000 4.73282924182027 7.05230909964732 -2.57735640390994
"283" 11320000 4.70077494732007 7.05384642685225 -2.58030777997353
"284" 11360000 4.67469270984012 7.055378331375 -2.58272417165653
"285" 11400000 4.58111273978887 7.05690485133647 -2.59150625976419
"286" 11440000 4.55890680313516 7.05842602445701 -2.59361652543347
"287" 11480000 4.497755736937 7.05994188806195 -2.59948137334945
"288" 11520000 4.43722161202548 7.06145247908719 -2.60536611992071
"289" 11560000 4.39405699843105 7.06295783408451 -2.60961155336377
"290" 11600000 4.34052847172082 7.06445798922692 -2.61493463020317
"291" 11640000 4.33653420328632 7.06595298031387 -2.61533446340199
"292" 11680000 4.3176451287368 7.06744284277638 -2.61723029512846
"293" 11720000 4.24880922198935 7.06892761168207 -2.62421000848362
"294" 11760000 4.19335331925181 7.07040732174012 -2.62991578324358
"295" 11800000 4.13563093566235 7.07188200730613 -2.63593546421761
"296" 11840000 4.15840134128 7.0733517023869 -2.63355083728932
"297" 11880000 4.15721555769039 7.07481644064517 -2.63367469563427
"298" 11920000 4.13265783312917 7.07627625540422 -2.63624779053229
"299" 11960000 4.06341079665991 7.07773117965239 -2.64358650932329
"300" 12000000 4.0218466855086 7.07918124604763 -2.64805172843917
"301" 12040000 4.00402548471849 7.08062648692181 -2.64998040652424
"302" 12080000 3.991383637468 7.08206693428511 -2.65135376690975
"303" 12120000 4.00409835218762 7.08350261983027 -2.6499725030651
"304" 12160000 4.02140376599215 7.08493357493672 -2.64809955922681
"305" 12200000 4.02560991077848 7.08635983067475 -2.64764555089265
"306" 12240000 4.02275398486529 7.08778141780954 -2.6479537658126
"307" 12280000 4.01929953395162 7.08919836680515 -2.64832686680193
"308" 12320000 3.94674617088597 7.09061070782841 -2.65623804323715
"309" 12360000 3.86677339316688 7.0920184707528 -2.66512851792706
"310" 12400000 3.85285574938368 7.09342168516223 -2.66669449016055
"311" 12440000 3.8328008900395 7.0948203803548 -2.66896098082624
"312" 12480000 3.84698103122344 7.0962145853464 -2.66735719464312
"313" 12520000 3.81642349705154 7.09760432887441 -2.67082067846643
"314" 12560000 3.84843828961559 7.09898963940118 -2.6671927125637
"315" 12600000 3.83986984828296 7.10037054511756 -2.6681607352452
"316" 12640000 3.8053277511336 7.10174707394637 -2.67208517122462
"317" 12680000 3.79368071776564 7.10311925354571 -2.67341646235395
"318" 12720000 3.74578360859566 7.10448711131239 -2.67893455466346
"319" 12760000 3.73040165803705 7.10585067438514 -2.68072164405102
"320" 12800000 3.70613383672713 7.10720996964787 -2.68355614092195
"321" 12840000 3.61397366913156 7.10856502373283 -2.69449225549449
"322" 12880000 3.5763471826178 7.10991586302379 -2.69903756716112
"323" 12920000 3.53595623677905 7.11126251365907 -2.70397035825436
"324" 12960000 3.53382647248219 7.11260500153457 -2.70423201973616
"325" 13000000 3.46922877295387 7.11394335230684 -2.71224429985887
"326" 13040000 3.44776436939067 7.1152775913959 -2.71493966235375
"327" 13080000 3.48542519326625 7.11660774398825 -2.71022147349857
"328" 13120000 3.5453731434572 7.11793383503964 -2.7028152889734
"329" 13160000 3.61158601337606 7.11925588927794 -2.69477927706863
"330" 13200000 3.67298536100708 7.12057393120585 -2.68745804209522
"331" 13240000 3.72441319439394 7.12188798510368 -2.68141938298249
"332" 13280000 3.76911304077185 7.123198075032 -2.67623807680584
"333" 13320000 3.79756317021748 7.12450422483428 -2.6729722326999
"334" 13360000 3.83184719036913 7.12580645813953 -2.66906905793612
"335" 13400000 3.82504591304718 7.12710479836481 -2.66984058705315
"336" 13440000 3.84734592664559 7.12839926871781 -2.6673160027184
"337" 13480000 3.83460366466649 7.1296898921993 -2.66875675654632
"338" 13520000 3.79075084955453 7.13097669160562 -2.67375199855038
"339" 13560000 3.72639804224592 7.13225968953104 -2.68118799650321
"340" 13600000 3.66208720824427 7.13353890837022 -2.68874855723213
"341" 13640000 3.6364496648164 7.13481437032046 -2.69179965901583
"342" 13680000 3.58137816077035 7.1360860973841 -2.69842705856929
"343" 13720000 3.61056763475483 7.13735411137073 -2.69490175472285
"344" 13760000 3.58418509314825 7.13861843389949 -2.698086810284
"345" 13800000 3.59239530528386 7.13987908640124 -2.69709311936621
"346" 13840000 3.60043303800572 7.14113609012074 -2.69612250134101
"347" 13880000 3.62982339306633 7.14238946611884 -2.69259174432048
"348" 13920000 3.67403861259955 7.14363923527454 -2.68733352328067
"349" 13960000 3.69915643198416 7.14488541828714 -2.68437454213639
"350" 14000000 3.69878735673518 7.14612803567824 -2.68441787508099
"351" 14040000 3.7048175454423 7.14736710779379 -2.68371041478454
"352" 14080000 3.66129981632401 7.14860265480609 -2.68884194570559
"353" 14120000 3.66163808469673 7.14983469671578 -2.68880182298715
"354" 14160000 3.61304341649464 7.15106325335375 -2.69460405918457
"355" 14200000 3.56803552657001 7.15228834438306 -2.70004806957469
"356" 14240000 3.5484190275987 7.15350998930084 -2.70244234014024
"357" 14280000 3.53204181365502 7.15472820744016 -2.70445140324737
"358" 14320000 3.50882251537825 7.15594301797184 -2.70731583840767
"359" 14360000 3.43896975477835 7.15715443990628 -2.7160488832425
"360" 14400000 3.38721208944596 7.15836249209525 -2.72263484878925
"361" 14440000 3.38664491746095 7.15956719323362 -2.72270757535071
"362" 14480000 3.3645017194822 7.16076856186113 -2.72555648493486
"363" 14520000 3.36132151370848 7.16196661636407 -2.72596718437607
"364" 14560000 3.37918695801562 7.16316137497702 -2.72366501916688
"365" 14600000 3.3561505748169 7.16435285578444 -2.72663580216587
"366" 14640000 3.37136873662092 7.16554107672237 -2.72467098432937
"367" 14680000 3.37948027536826 7.16672605558005 -2.72362732353743
"368" 14720000 3.39195077114222 7.16790781000148 -2.72202769900109
"369" 14760000 3.40052034465911 7.16908635748702 -2.72093186203636
"370" 14800000 3.42911023344703 7.17026171539496 -2.71729579319614
"371" 14840000 3.48790665402676 7.17143390094301 -2.70991238602519
"372" 14880000 3.47351336774839 7.17260293120986 -2.71170826493925
"373" 14920000 3.47258418893206 7.17376882313665 -2.71182445600387
"374" 14960000 3.47558334470958 7.17493159352844 -2.71144953214686
"375" 15000000 3.43605569713046 7.17609125905568 -2.71641704456527
"376" 15040000 3.4585817526767 7.17724783625562 -2.71357919369826
"377" 15080000 3.44507442007087 7.17840134153376 -2.7152786316061
"378" 15120000 3.43693217078857 7.17955179116519 -2.7163062782777
"379" 15160000 3.41742558814443 7.18069920129603 -2.71877817261749
"380" 15200000 3.40477248916445 7.18184358794477 -2.72038914236791
"381" 15240000 3.36826684394673 7.18298496700358 -2.72507074925757
"382" 15280000 3.34589187901558 7.18412335423967 -2.72796533670352
"383" 15320000 3.35749005636333 7.18525876529659 -2.72646250440273
"384" 15360000 3.38075114497382 7.18639121569549 -2.72346403573585
"385" 15400000 3.38154032339364 7.18752072083646 -2.72336266896214
"386" 15440000 3.45409675851602 7.18864729599972 -2.71414274037138
"387" 15480000 3.50073183536523 7.18977095634687 -2.70831839550876
"388" 15520000 3.55722919264317 7.19089171692217 -2.70136539180124
"389" 15560000 3.58818763332754 7.19200959265367 -2.69760209445558
"390" 15600000 3.62354871014884 7.19312459835446 -2.69334313575822
"391" 15640000 3.63675239192171 7.19423674872383 -2.69176350638033
"392" 15680000 3.69430460285578 7.19534605834842 -2.68494453849132
"393" 15720000 3.72119172336501 7.19645254170339 -2.68179519319381
"394" 15760000 3.76800795763977 7.19755621315354 -2.67636542822022
"395" 15800000 3.79320158550883 7.19865708695442 -2.67347131611
"396" 15840000 3.84177654527567 7.19975517725347 -2.66794513875529
"397" 15880000 3.85003118887308 7.20085049809108 -2.66701299181022
"398" 15920000 3.83094772482403 7.20194306340165 -2.66917101366611
"399" 15960000 3.84731080431523 7.20303288701471 -2.66731996740059
"400" 16000000 3.82497149094527 7.20411998265593 -2.66984903699685
"401" 16040000 3.81935604945764 7.20520436394814 -2.6704870933013
"402" 16080000 3.79892134200315 7.20628604441243 -2.67281693809821
"403" 16120000 3.79528610816734 7.20736503746907 -2.6732327187116
"404" 16160000 3.77347784975972 7.20844135643857 -2.67573543449179
"405" 16200000 3.72944349544304 7.20951501454263 -2.68083320795646
"406" 16240000 3.68786827720835 7.21058602490516 -2.68570183894096
"407" 16280000 3.71302258936025 7.21165440055318 -2.68274964812312
"408" 16320000 3.69933599249046 7.21272015441784 -2.68435346158847
"409" 16360000 3.68155958495052 7.2137832993353 -2.68644540572963
"410" 16400000 3.71051487383868 7.2148438480477 -2.68304306270075
"411" 16440000 3.79074198393083 7.21590181320403 -2.67375301425838
"412" 16480000 3.80498093686312 7.2169572073611 -2.6721247542508
"413" 16520000 3.84321806532478 7.21801004298436 -2.66778221236641
"414" 16560000 3.84659955167635 7.21906033244886 -2.6674002628766
"415" 16600000 3.87232650074673 7.22010808804005 -2.66450527118615
"416" 16640000 3.84186229173176 7.2211533219547 -2.66793544563631
"417" 16680000 3.83478668595012 7.22219604630172 -2.66873602865793
"418" 16720000 3.86392395356966 7.223236273103 -2.66544866910984
"419" 16760000 3.91339232747047 7.22427401429426 -2.65992385032407
"420" 16800000 3.92246739286125 7.22530928172586 -2.65891789750589
"421" 16840000 3.93590078098177 7.22634208716363 -2.6574330976371
"422" 16880000 3.94104368887012 7.22737244228964 -2.65686599021549
"423" 16920000 3.925981420417 7.228400358703 -2.65852899954273
"424" 16960000 3.94847281271396 7.2294258479207 -2.65604808751037
"425" 17000000 3.99715199007294 7.23044892137827 -2.65072657708218
"426" 17040000 4.0423821017939 7.23146959043068 -2.64583987719116
"427" 17080000 4.09054234922097 7.23248786635299 -2.64069634627273
"428" 17120000 4.10352170728859 7.23350376034113 -2.63932050437964
"429" 17160000 4.16525661527401 7.23451728351269 -2.63283547672159
"430" 17200000 4.15532156042979 7.23552844690755 -2.6338726021366
"431" 17240000 4.13619584029596 7.23653726148869 -2.63587614601083
"432" 17280000 4.12546522589694 7.23754373814287 -2.63700430878686
"433" 17320000 4.07655795036494 7.23854788768133 -2.64218361910363
"434" 17360000 4.05671744901396 7.23954972084047 -2.64430247944557
"435" 17400000 4.04315208952124 7.2405492482826 -2.64575716121613
"436" 17440000 4.0423709991643 7.24154648059655 -2.64584107000699
"437" 17480000 3.98224418559945 7.24254142829838 -2.6523493526934
"438" 17520000 3.98376596594306 7.24353410183206 -2.65218342249714
"439" 17560000 3.94985690575896 7.24452451157008 -2.65589587710653
"440" 17600000 3.93008698572155 7.24551266781415 -2.65807507668285
"441" 17640000 3.93381651935128 7.2464985807958 -2.65766313978768
"442" 17680000 3.91765174558187 7.24748226067705 -2.65945141217992
"443" 17720000 3.94637036992662 7.24846371755103 -2.65627939782307
"444" 17760000 3.95880187675456 7.24944296144258 -2.65491347204708
"445" 17800000 3.96617939249552 7.25042000230889 -2.65410488583265
"446" 17840000 3.97338043003087 7.2513948500401 -2.65331709109515
"447" 17880000 3.92285829228263 7.2523675144599 -2.65887461938879
"448" 17920000 3.87597593116632 7.25333800532611 -2.66409616799885
"449" 17960000 3.82805614096451 7.25430633233129 -2.66949894116056
"450" 18000000 3.80252160176913 7.25527250510331 -2.67240554960835
"451" 18040000 3.70450994435112 7.25623653320592 -2.68374647459072
"452" 18080000 3.67389396896587 7.25719842613934 -2.68735062140488
"453" 18120000 3.59632397866286 7.25815819334079 -2.69661843082374
"454" 18160000 3.52167727523193 7.25911584418507 -2.70572768460403
"455" 18200000 3.45969327011761 7.26007138798508 -2.71343964275711
"456" 18240000 3.3216345977913 7.2610248339924 -2.73112538410582
"457" 18280000 3.28007054649069 7.26197619139781 -2.73659405507654
"458" 18320000 3.1925526176749 7.26292546933183 -2.74833917575957
"459" 18360000 3.15057432922447 7.26387267686522 -2.75408750945865
"460" 18400000 3.12753716184769 7.26481782300954 -2.75727476078088
"461" 18440000 3.09518401821064 7.26576091671761 -2.76179076526013
"462" 18480000 3.04836371048677 7.26670196688409 -2.76841045663804
"463" 18520000 2.98525165877863 7.26764098234592 -2.77749629119295
"464" 18560000 2.90216814136552 7.26857797188284 -2.78975466920861
"465" 18600000 2.82171468584921 7.26951294421792 -2.80196414103166
"466" 18640000 2.78863419711831 7.27044590801796 -2.80708569069349
"467" 18680000 2.71891278095012 7.27137687189407 -2.81808196329615
"468" 18720000 2.68907359398753 7.27230584440209 -2.82287455146279
"469" 18760000 2.65144997705107 7.27323283404305 -2.82899380150812
"470" 18800000 2.63108929355231 7.27415784926368 -2.83234165216352
"471" 18840000 2.63050770879334 7.27508089845686 -2.83243766067671
"472" 18880000 2.65078044091246 7.27600198996205 -2.82910348208744
"473" 18920000 2.67326724310532 7.27692113206577 -2.82543486273629
"474" 18960000 2.68779590894559 7.27783833300205 -2.82308095095732
"475" 19000000 2.71814533918493 7.27875360095283 -2.8182045647908
"476" 19040000 2.73219049722021 7.27966694404846 -2.81596626303573
"477" 19080000 2.75409586450106 7.28057837036808 -2.81249818643103
"478" 19120000 2.75983396104478 7.28148788794008 -2.81159428498724
"479" 19160000 2.75471407620983 7.28239550474253 -2.81240071131834
"480" 19200000 2.7249101875238 7.28330122870355 -2.81712504693442
"481" 19240000 2.6749452139896 7.28420506770179 -2.8251623479379
"482" 19280000 2.65825373988204 7.28510702956681 -2.82788080597073
"483" 19320000 2.63279260787738 7.28600712207947 -2.83206058961235
"484" 19360000 NA 7.28690535297237 NA
"485" 19400000 NA 7.28780172993023 NA
"486" 19440000 NA 7.28869626059026 NA
"487" 19480000 NA 7.2895889525426 NA
"488" 19520000 NA 7.29047981333067 NA
"489" 19560000 NA 7.29136885045158 NA
"490" 19600000 NA 7.29225607135648 NA
"491" 19640000 NA 7.29314148345093 NA
"492" 19680000 NA 7.29402509409532 NA
"493" 19720000 NA 7.29490691060519 NA
"494" 19760000 NA 7.29578694025161 NA
"495" 19800000 NA 7.29666519026153 NA
"496" 19840000 NA 7.29754166781816 NA
"497" 19880000 NA 7.29841638006129 NA
"498" 19920000 NA 7.29928933408768 NA
"499" 19960000 NA 7.30016053695135 NA
"500" 20000000 NA 7.30102999566398 NA
"501" 20040000 NA 7.30189771719521 NA
"502" 20080000 NA 7.30276370847298 NA
"503" 20120000 NA 7.30362797638389 NA
"504" 20160000 NA 7.30449052777349 NA
"505" 20200000 NA 7.30535136944662 NA
"506" 20240000 NA 7.30621050816776 NA
"507" 20280000 NA 7.3070679506613 NA
"508" 20320000 NA 7.30792370361188 NA
"509" 20360000 NA 7.30877777366472 NA
"510" 20400000 NA 7.3096301674259 NA
"511" 20440000 NA 7.31048089146268 NA
"512" 20480000 NA 7.31132995230379 NA
"513" 20520000 NA 7.31217735643978 NA
"514" 20560000 NA 7.31302311032324 NA
"515" 20600000 NA 7.31386722036915 NA
"516" 20640000 NA 7.31470969295517 NA
"517" 20680000 NA 7.3155505344219 NA
"518" 20720000 NA 7.3163897510732 NA
"519" 20760000 NA 7.31722734917642 NA
"520" 20800000 NA 7.31806333496276 NA
"521" 20840000 NA 7.31889771462749 NA
"522" 20880000 NA 7.31973049433022 NA
"523" 20920000 NA 7.32056168019524 NA
"524" 20960000 NA 7.32139127831169 NA
"525" 21000000 NA 7.32221929473392 NA
"526" 21040000 NA 7.3230457354817 NA
"527" 21080000 NA 7.32387060654051 NA
"528" 21120000 NA 7.32469391386177 NA
"529" 21160000 NA 7.32551566336315 NA
"530" 21200000 NA 7.32633586092875 NA
"531" 21240000 NA 7.32715451240943 NA
"532" 21280000 NA 7.32797162362301 NA
"533" 21320000 NA 7.32878720035453 NA
"534" 21360000 NA 7.32960124835652 NA
"535" 21400000 NA 7.33041377334919 NA
"536" 21440000 NA 7.33122478102073 NA
"537" 21480000 NA 7.33203427702752 NA
"538" 21520000 NA 7.33284226699435 NA
"539" 21560000 NA 7.3336487565147 NA
"540" 21600000 NA 7.33445375115093 NA
"541" 21640000 NA 7.33525725643453 NA
"542" 21680000 NA 7.33605927786635 NA
"543" 21720000 NA 7.33685982091681 NA
"544" 21760000 NA 7.33765889102614 NA
"545" 21800000 NA 7.33845649360461 NA
"546" 21840000 NA 7.3392526340327 NA
"547" 21880000 NA 7.34004731766139 NA
"548" 21920000 NA 7.34084054981233 NA
"549" 21960000 NA 7.34163233577805 NA
"550" 22000000 NA 7.34242268082221 NA
"551" 22040000 NA 7.34321159017975 NA
"552" 22080000 NA 7.34399906905716 NA
"553" 22120000 NA 7.34478512263266 NA
"554" 22160000 NA 7.34556975605639 NA
"555" 22200000 NA 7.34635297445064 NA
"556" 22240000 NA 7.34713478291002 NA
"557" 22280000 NA 7.34791518650169 NA
"558" 22320000 NA 7.34869419026554 NA
"559" 22360000 NA 7.34947179921439 NA
"560" 22400000 NA 7.35024801833416 NA
"561" 22440000 NA 7.35102285258412 NA
"562" 22480000 NA 7.35179630689702 NA
"563" 22520000 NA 7.35256838617931 NA
"564" 22560000 NA 7.3533390953113 NA
"565" 22600000 NA 7.3541084391474 NA
"566" 22640000 NA 7.35487642251623 NA
"567" 22680000 NA 7.35564305022087 NA
"568" 22720000 NA 7.35640832703898 NA
"569" 22760000 NA 7.35717225772303 NA
"570" 22800000 NA 7.35793484700045 NA
"571" 22840000 NA 7.35869609957381 NA
"572" 22880000 NA 7.35945602012099 NA
"573" 22920000 NA 7.36021461329535 NA
"574" 22960000 NA 7.36097188372594 NA
"575" 23000000 NA 7.36172783601759 NA
"576" 23040000 NA 7.36248247475117 NA
"577" 23080000 NA 7.36323580448369 NA
"578" 23120000 NA 7.36398782974849 NA
"579" 23160000 NA 7.3647385550554 NA
"580" 23200000 NA 7.3654879848909 NA
"581" 23240000 NA 7.36623612371829 NA
"582" 23280000 NA 7.36698297597785 NA
"583" 23320000 NA 7.36772854608698 NA
"584" 23360000 NA 7.36847283844036 NA
"585" 23400000 NA 7.36921585741014 NA
"586" 23440000 NA 7.36995760734605 NA
"587" 23480000 NA 7.37069809257558 NA
"588" 23520000 NA 7.3714373174041 NA
"589" 23560000 NA 7.37217528611506 NA
"590" 23600000 NA 7.37291200297011 NA
"591" 23640000 NA 7.37364747220922 NA
"592" 23680000 NA 7.37438169805088 NA
"593" 23720000 NA 7.37511468469222 NA
"594" 23760000 NA 7.37584643630916 NA
"595" 23800000 NA 7.37657695705651 NA
"596" 23840000 NA 7.3773062510682 NA
"597" 23880000 NA 7.37803432245733 NA
"598" 23920000 NA 7.37876117531637 NA
"599" 23960000 NA 7.37948681371727 NA
"600" 24000000 NA 7.38021124171161 NA
"601" 24040000 NA 7.3809344633307 NA
"602" 24080000 NA 7.38165648258579 NA
"603" 24120000 NA 7.38237730346811 NA
"604" 24160000 NA 7.38309692994909 NA
"605" 24200000 NA 7.38381536598043 NA
"606" 24240000 NA 7.38453261549425 NA
"607" 24280000 NA 7.38524868240322 NA
"608" 24320000 NA 7.3859635706007 NA
"609" 24360000 NA 7.38667728396084 NA
"610" 24400000 NA 7.38738982633873 NA
"611" 24440000 NA 7.38810120157052 NA
"612" 24480000 NA 7.38881141347352 NA
"613" 24520000 NA 7.38952046584638 NA
"614" 24560000 NA 7.39022836246913 NA
"615" 24600000 NA 7.39093510710338 NA
"616" 24640000 NA 7.39164070349239 NA
"617" 24680000 NA 7.3923451553612 NA
"618" 24720000 NA 7.39304846641678 NA
"619" 24760000 NA 7.39375064034808 NA
"620" 24800000 NA 7.39445168082622 NA
"621" 24840000 NA 7.39515159150454 NA
"622" 24880000 NA 7.39585037601878 NA
"623" 24920000 NA 7.39654803798713 NA
"624" 24960000 NA 7.39724458101039 NA
"625" 25000000 NA 7.39794000867204 NA
"626" 25040000 NA 7.39863432453839 NA
"627" 25080000 NA 7.39932753215868 NA
"628" 25120000 NA 7.40001963506516 NA
"629" 25160000 NA 7.40071063677323 NA
"630" 25200000 NA 7.40140054078154 NA
"631" 25240000 NA 7.4020893505721 NA
"632" 25280000 NA 7.40277706961035 NA
"633" 25320000 NA 7.40346370134532 NA
"634" 25360000 NA 7.40414924920969 NA
"635" 25400000 NA 7.40483371661994 NA
"636" 25440000 NA 7.40551710697638 NA
"637" 25480000 NA 7.40619942366331 NA
"638" 25520000 NA 7.40688067004912 NA
"639" 25560000 NA 7.40756084948636 NA
"640" 25600000 NA 7.40823996531185 NA
"641" 25640000 NA 7.40891802084678 NA
"642" 25680000 NA 7.40959501939682 NA
"643" 25720000 NA 7.41027096425218 NA
"644" 25760000 NA 7.41094585868777 NA
"645" 25800000 NA 7.41161970596323 NA
"646" 25840000 NA 7.41229250932305 NA
"647" 25880000 NA 7.41296427199666 NA
"648" 25920000 NA 7.41363499719856 NA
"649" 25960000 NA 7.41430468812833 NA
"650" 26000000 NA 7.41497334797082 NA
"651" 26040000 NA 7.41564097989615 NA
"652" 26080000 NA 7.41630758705988 NA
"653" 26120000 NA 7.41697317260304 NA
"654" 26160000 NA 7.41763773965223 NA
"655" 26200000 NA 7.41830129131975 NA
"656" 26240000 NA 7.41896383070362 NA
"657" 26280000 NA 7.41962536088774 NA
"658" 26320000 NA 7.42028588494192 NA
"659" 26360000 NA 7.42094540592197 NA
"660" 26400000 NA 7.42160392686983 NA
"661" 26440000 NA 7.4222614508136 NA
"662" 26480000 NA 7.42291798076766 NA
"663" 26520000 NA 7.42357351973274 NA
"664" 26560000 NA 7.42422807069598 NA
"665" 26600000 NA 7.42488163663107 NA
"666" 26640000 NA 7.42553422049826 NA
"667" 26680000 NA 7.42618582524451 NA
"668" 26720000 NA 7.42683645380351 NA
"669" 26760000 NA 7.42748610909579 NA
"670" 26800000 NA 7.42813479402879 NA
"671" 26840000 NA 7.42878251149695 NA
"672" 26880000 NA 7.42942926438179 NA
"673" 26920000 NA 7.43007505555194 NA
"674" 26960000 NA 7.43071988786328 NA
"675" 27000000 NA 7.43136376415899 NA
"676" 27040000 NA 7.4320066872696 NA
"677" 27080000 NA 7.43264866001311 NA
"678" 27120000 NA 7.43328968519503 NA
"679" 27160000 NA 7.43392976560846 NA
"680" 27200000 NA 7.4345689040342 NA
"681" 27240000 NA 7.43520710324075 NA
"682" 27280000 NA 7.43584436598444 NA
"683" 27320000 NA 7.43648069500949 NA
"684" 27360000 NA 7.43711609304808 NA
"685" 27400000 NA 7.43775056282039 NA
"686" 27440000 NA 7.43838410703471 NA
"687" 27480000 NA 7.43901672838751 NA
"688" 27520000 NA 7.43964842956347 NA
"689" 27560000 NA 7.44027921323559 NA
"690" 27600000 NA 7.44090908206522 NA
"691" 27640000 NA 7.44153803870216 NA
"692" 27680000 NA 7.44216608578472 NA
"693" 27720000 NA 7.44279322593977 NA
"694" 27760000 NA 7.44341946178282 NA
"695" 27800000 NA 7.44404479591808 NA
"696" 27840000 NA 7.44466923093852 NA
"697" 27880000 NA 7.44529276942597 NA
"698" 27920000 NA 7.44591541395112 NA
"699" 27960000 NA 7.44653716707364 NA
"700" 28000000 NA 7.44715803134222 NA
"701" 28040000 NA 7.44777800929462 NA
"702" 28080000 NA 7.44839710345777 NA
"703" 28120000 NA 7.44901531634779 NA
"704" 28160000 NA 7.44963265047007 NA
"705" 28200000 NA 7.45024910831936 NA
"706" 28240000 NA 7.45086469237977 NA
"707" 28280000 NA 7.45147940512486 NA
"708" 28320000 NA 7.45209324901773 NA
"709" 28360000 NA 7.45270622651103 NA
"710" 28400000 NA 7.45331834004704 NA
"711" 28440000 NA 7.45392959205773 NA
"712" 28480000 NA 7.45453998496482 NA
"713" 28520000 NA 7.45514952117983 NA
"714" 28560000 NA 7.45575820310414 NA
"715" 28600000 NA 7.45636603312904 NA
"716" 28640000 NA 7.45697301363582 NA
"717" 28680000 NA 7.45757914699576 NA
"718" 28720000 NA 7.45818443557026 NA
"719" 28760000 NA 7.45878888171084 NA
"720" 28800000 NA 7.45939248775923 NA
"721" 28840000 NA 7.45999525604739 NA
"722" 28880000 NA 7.4605971888976 NA
"723" 28920000 NA 7.46119828862249 NA
"724" 28960000 NA 7.46179855752511 NA
"725" 29000000 NA 7.46239799789896 NA
"726" 29040000 NA 7.46299661202806 NA
"727" 29080000 NA 7.463594402187 NA
"728" 29120000 NA 7.464191370641 NA
"729" 29160000 NA 7.46478751964594 NA
"730" 29200000 NA 7.46538285144842 NA
"731" 29240000 NA 7.46597736828582 NA
"732" 29280000 NA 7.46657107238635 NA
"733" 29320000 NA 7.46716396596909 NA
"734" 29360000 NA 7.46775605124403 NA
"735" 29400000 NA 7.46834733041216 NA
"736" 29440000 NA 7.46893780566546 NA
"737" 29480000 NA 7.46952747918701 NA
"738" 29520000 NA 7.470116353151 NA
"739" 29560000 NA 7.47070442972279 NA
"740" 29600000 NA 7.47129171105894 NA
"741" 29640000 NA 7.47187819930729 NA
"742" 29680000 NA 7.47246389660699 NA
"743" 29720000 NA 7.47304880508854 NA
"744" 29760000 NA 7.47363292687384 NA
"745" 29800000 NA 7.47421626407626 NA
"746" 29840000 NA 7.47479881880063 NA
"747" 29880000 NA 7.47538059314336 NA
"748" 29920000 NA 7.47596158919242 NA
"749" 29960000 NA 7.47654180902743 NA
"750" 30000000 NA 7.47712125471966 NA
"751" 30040000 NA 7.47769992833213 NA
"752" 30080000 NA 7.4782778319196 NA
"753" 30120000 NA 7.47885496752866 NA
"754" 30160000 NA 7.47943133719774 NA
"755" 30200000 NA 7.48000694295715 NA
"756" 30240000 NA 7.48058178682917 NA
"757" 30280000 NA 7.48115587082803 NA
"758" 30320000 NA 7.48172919696002 NA
"759" 30360000 NA 7.48230176722344 NA
"760" 30400000 NA 7.48287358360875 NA
"761" 30440000 NA 7.48344464809854 NA
"762" 30480000 NA 7.48401496266756 NA
"763" 30520000 NA 7.48458452928284 NA
"764" 30560000 NA 7.48515334990365 NA
"765" 30600000 NA 7.48572142648158 NA
"766" 30640000 NA 7.48628876096057 NA
"767" 30680000 NA 7.48685535527694 NA
"768" 30720000 NA 7.48742121135947 NA
"769" 30760000 NA 7.48798633112939 NA
"770" 30800000 NA 7.48855071650044 NA
"771" 30840000 NA 7.48911436937892 NA
"772" 30880000 NA 7.4896772916637 NA
"773" 30920000 NA 7.49023948524629 NA
"774" 30960000 NA 7.49080095201086 NA
"775" 31000000 NA 7.49136169383427 NA
"776" 31040000 NA 7.49192171258615 NA
"777" 31080000 NA 7.49248101012888 NA
"778" 31120000 NA 7.49303958831765 NA
"779" 31160000 NA 7.49359744900053 NA
"780" 31200000 NA 7.49415459401844 NA
"781" 31240000 NA 7.49471102520526 NA
"782" 31280000 NA 7.49526674438781 NA
"783" 31320000 NA 7.49582175338591 NA
"784" 31360000 NA 7.4963760540124 NA
"785" 31400000 NA 7.49692964807322 NA
"786" 31440000 NA 7.49748253736737 NA
"787" 31480000 NA 7.49803472368703 NA
"788" 31520000 NA 7.49858620881752 NA
"789" 31560000 NA 7.49913699453738 NA
"790" 31600000 NA 7.4996870826184 NA
"791" 31640000 NA 7.50023647482564 NA
"792" 31680000 NA 7.50078517291746 NA
"793" 31720000 NA 7.50133317864557 NA
"794" 31760000 NA 7.50188049375506 NA
"795" 31800000 NA 7.50242711998443 NA
"796" 31840000 NA 7.50297305906563 NA
"797" 31880000 NA 7.50351831272407 NA
"798" 31920000 NA 7.50406288267869 NA
"799" 31960000 NA 7.50460677064195 NA
"800" 32000000 NA 7.50514997831991 NA
"801" 32040000 NA 7.5056925074122 NA
"802" 32080000 NA 7.50623435961213 NA
"803" 32120000 NA 7.50677553660664 NA
"804" 32160000 NA 7.50731604007641 NA
"805" 32200000 NA 7.50785587169583 NA
"806" 32240000 NA 7.50839503313305 NA
"807" 32280000 NA 7.50893352605003 NA
"808" 32320000 NA 7.50947135210255 NA
"809" 32360000 NA 7.51000851294023 NA
"810" 32400000 NA 7.51054501020661 NA
"811" 32440000 NA 7.51108084553912 NA
"812" 32480000 NA 7.51161602056914 NA
"813" 32520000 NA 7.51215053692203 NA
"814" 32560000 NA 7.51268439621716 NA
"815" 32600000 NA 7.51321760006794 NA
"816" 32640000 NA 7.51375015008182 NA
"817" 32680000 NA 7.51428204786038 NA
"818" 32720000 NA 7.51481329499929 NA
"819" 32760000 NA 7.51534389308838 NA
"820" 32800000 NA 7.51587384371168 NA
"821" 32840000 NA 7.5164031484474 NA
"822" 32880000 NA 7.51693180886801 NA
"823" 32920000 NA 7.51745982654023 NA
"824" 32960000 NA 7.51798720302508 NA
"825" 33000000 NA 7.51851393987789 NA
"826" 33040000 NA 7.51904003864834 NA
"827" 33080000 NA 7.51956550088051 NA
"828" 33120000 NA 7.52009032811284 NA
"829" 33160000 NA 7.52061452187824 NA
"830" 33200000 NA 7.52113808370404 NA
"831" 33240000 NA 7.52166101511207 NA
"832" 33280000 NA 7.52218331761869 NA
"833" 33320000 NA 7.52270499273475 NA
"834" 33360000 NA 7.5232260419657 NA
"835" 33400000 NA 7.52374646681156 NA
"836" 33440000 NA 7.52426626876698 NA
"837" 33480000 NA 7.52478544932122 NA
"838" 33520000 NA 7.52530400995824 NA
"839" 33560000 NA 7.52582195215666 NA
"840" 33600000 NA 7.52633927738984 NA
"841" 33640000 NA 7.52685598712587 NA
"842" 33680000 NA 7.52737208282761 NA
"843" 33720000 NA 7.5278875659527 NA
"844" 33760000 NA 7.52840243795362 NA
"845" 33800000 NA 7.52891670027766 NA
"846" 33840000 NA 7.52943035436699 NA
"847" 33880000 NA 7.52994340165867 NA
"848" 33920000 NA 7.53045584358468 NA
"849" 33960000 NA 7.53096768157191 NA
"850" 34000000 NA 7.53147891704226 NA
"851" 34040000 NA 7.53198955141255 NA
"852" 34080000 NA 7.53249958609466 NA
"853" 34120000 NA 7.53300902249549 NA
"854" 34160000 NA 7.53351786201697 NA
"855" 34200000 NA 7.53402610605614 NA
"856" 34240000 NA 7.53453375600512 NA
"857" 34280000 NA 7.53504081325116 NA
"858" 34320000 NA 7.53554727917667 NA
"859" 34360000 NA 7.5360531551592 NA
"860" 34400000 NA 7.53655844257153 NA
"861" 34440000 NA 7.53706314278162 NA
"862" 34480000 NA 7.53756725715268 NA
"863" 34520000 NA 7.53807078704317 NA
"864" 34560000 NA 7.53857373380686 NA
"865" 34600000 NA 7.53907609879278 NA
"866" 34640000 NA 7.53957788334531 NA
"867" 34680000 NA 7.54007908880417 NA
"868" 34720000 NA 7.54057971650445 NA
"869" 34760000 NA 7.54107976777663 NA
"870" 34800000 NA 7.54157924394658 NA
"871" 34840000 NA 7.54207814633563 NA
"872" 34880000 NA 7.54257647626053 NA
"873" 34920000 NA 7.54307423503353 NA
"874" 34960000 NA 7.54357142396237 NA
"875" 35000000 NA 7.54406804435028 NA
"876" 35040000 NA 7.54456409749604 NA
"877" 35080000 NA 7.545059584694 NA
"878" 35120000 NA 7.54555450723406 NA
"879" 35160000 NA 7.54604886640173 NA
"880" 35200000 NA 7.54654266347813 NA
"881" 35240000 NA 7.54703589974001 NA
"882" 35280000 NA 7.54752857645978 NA
"883" 35320000 NA 7.54802069490553 NA
"884" 35360000 NA 7.54851225634104 NA
"885" 35400000 NA 7.54900326202579 NA
"886" 35440000 NA 7.54949371321501 NA
"887" 35480000 NA 7.54998361115969 NA
"888" 35520000 NA 7.55047295710656 NA
"889" 35560000 NA 7.55096175229818 NA
"890" 35600000 NA 7.55144999797287 NA
"891" 35640000 NA 7.55193769536484 NA
"892" 35680000 NA 7.55242484570409 NA
"893" 35720000 NA 7.55291145021651 NA
"894" 35760000 NA 7.55339751012388 NA
"895" 35800000 NA 7.55388302664387 NA
"896" 35840000 NA 7.55436800099009 NA
"897" 35880000 NA 7.55485243437205 NA
"898" 35920000 NA 7.55533632799527 NA
"899" 35960000 NA 7.55581968306119 NA
"900" 36000000 NA 7.55630250076729 NA
"901" 36040000 NA 7.55678478230703 NA
"902" 36080000 NA 7.5572665288699 NA
"903" 36120000 NA 7.55774774164147 NA
"904" 36160000 NA 7.55822842180333 NA
"905" 36200000 NA 7.55870857053317 NA
"906" 36240000 NA 7.55918818900478 NA
"907" 36280000 NA 7.55966727838806 NA
"908" 36320000 NA 7.56014583984905 NA
"909" 36360000 NA 7.56062387454993 NA
"910" 36400000 NA 7.56110138364906 NA
"911" 36440000 NA 7.56157836830096 NA
"912" 36480000 NA 7.56205482965638 NA
"913" 36520000 NA 7.56253076886226 NA
"914" 36560000 NA 7.56300618706179 NA
"915" 36600000 NA 7.56348108539441 NA
"916" 36640000 NA 7.56395546499581 NA
"917" 36680000 NA 7.56442932699798 NA
"918" 36720000 NA 7.5649026725292 NA
"919" 36760000 NA 7.56537550271407 NA
"920" 36800000 NA 7.56584781867352 NA
"921" 36840000 NA 7.56631962152481 NA
"922" 36880000 NA 7.56679091238159 NA
"923" 36920000 NA 7.56726169235387 NA
"924" 36960000 NA 7.56773196254807 NA
"925" 37000000 NA 7.56820172406699 NA
"926" 37040000 NA 7.5686709780099 NA
"927" 37080000 NA 7.56913972547246 NA
"928" 37120000 NA 7.56960796754682 NA
"929" 37160000 NA 7.5700757053216 NA
"930" 37200000 NA 7.5705429398819 NA
"931" 37240000 NA 7.57100967230931 NA
"932" 37280000 NA 7.57147590368194 NA
"933" 37320000 NA 7.57194163507446 NA
"934" 37360000 NA 7.57240686755806 NA
"935" 37400000 NA 7.57287160220048 NA
"936" 37440000 NA 7.57333584006607 NA
"937" 37480000 NA 7.57379958221574 NA
"938" 37520000 NA 7.57426282970703 NA
"939" 37560000 NA 7.57472558359407 NA
"940" 37600000 NA 7.57518784492766 NA
"941" 37640000 NA 7.57564961475522 NA
"942" 37680000 NA 7.57611089412084 NA
"943" 37720000 NA 7.57657168406529 NA
"944" 37760000 NA 7.57703198562603 NA
"945" 37800000 NA 7.57749179983723 NA
"946" 37840000 NA 7.57795112772976 NA
"947" 37880000 NA 7.57840997033124 NA
"948" 37920000 NA 7.57886832866603 NA
"949" 37960000 NA 7.57932620375526 NA
"950" 38000000 NA 7.57978359661681 NA
"951" 38040000 NA 7.58024050826538 NA
"952" 38080000 NA 7.58069693971244 NA
"953" 38120000 NA 7.58115289196629 NA
"954" 38160000 NA 7.58160836603206 NA
"955" 38200000 NA 7.58206336291171 NA
"956" 38240000 NA 7.58251788360406 NA
"957" 38280000 NA 7.58297192910481 NA
"958" 38320000 NA 7.58342550040651 NA
"959" 38360000 NA 7.58387859849863 NA
"960" 38400000 NA 7.58433122436753 NA
"961" 38440000 NA 7.58478337899651 NA
"962" 38480000 NA 7.58523506336578 NA
"963" 38520000 NA 7.5856862784525 NA
"964" 38560000 NA 7.58613702523079 NA
"965" 38600000 NA 7.58658730467176 NA
"966" 38640000 NA 7.58703711774346 NA
"967" 38680000 NA 7.58748646541096 NA
"968" 38720000 NA 7.58793534863636 NA
"969" 38760000 NA 7.58838376837873 NA
"970" 38800000 NA 7.58883172559421 NA
"971" 38840000 NA 7.58927922123597 NA
"972" 38880000 2.91317232001145 7.58972625625424 -2.78811106474568
"973" 38920000 2.93430545009584 7.59017283159631 -2.78497191925376
"974" 38960000 3.01693669421521 7.59061894820658 -2.77291104225903
"975" 39000000 3.04398900960266 7.5910646070265 -2.76903415945624
"976" 39040000 3.06058059768743 7.59150980899465 -2.76667341877919
"977" 39080000 3.07461109859344 7.59195455504674 -2.76468704898148
"978" 39120000 3.07099152417793 7.59239884611556 -2.76519862171852
"979" 39160000 3.04763461825913 7.5928426831311 -2.76851434142137
"980" 39200000 3.04829270958838 7.59328606702046 -2.76842057211651
"981" 39240000 3.03127679417594 7.59372899870791 -2.77085164473124
"982" 39280000 3.03761773106476 7.59417147911491 -2.76994412034058
"983" 39320000 2.97272802591972 7.5946135091601 -2.77932206198852
"984" 39360000 2.93186000582029 7.5950550897593 -2.78533401030768
"985" 39400000 NA 7.59549622182557 NA
"986" 39440000 NA 7.59593690626917 NA
"987" 39480000 NA 7.5963771439976 NA
"988" 39520000 NA 7.59681693591559 NA
"989" 39560000 NA 7.59725628292514 NA
"990" 39600000 NA 7.59769518592551 NA
"991" 39640000 NA 7.59813364581324 NA
"992" 39680000 NA 7.59857166348214 NA
"993" 39720000 NA 7.59900923982334 NA
"994" 39760000 NA 7.59944637572528 NA
"995" 39800000 NA 7.59988307207369 NA
"996" 39840000 NA 7.60031932975166 NA
"997" 39880000 NA 7.60075514963962 NA
"998" 39920000 NA 7.60119053261533 NA
"999" 39960000 NA 7.60162547955394 NA
"1000" 40000000 NA 7.60205999132796 NA
"1001" 40040000 NA 7.60249406880728 NA
"1002" 40080000 NA 7.60292771285919 NA
"1003" 40120000 NA 7.60336092434838 NA
"1004" 40160000 NA 7.60379370413696 NA
"1005" 40200000 NA 7.60422605308447 NA
"1006" 40240000 NA 7.60465797204787 NA
"1007" 40280000 NA 7.60508946188158 NA
"1008" 40320000 NA 7.60552052343747 NA
"1009" 40360000 NA 7.60595115756487 NA
"1010" 40400000 NA 7.6063813651106 NA
"1011" 40440000 NA 7.60681114691896 NA
"1012" 40480000 NA 7.60724050383174 NA
"1013" 40520000 NA 7.60766943668824 NA
"1014" 40560000 NA 7.60809794632528 NA
"1015" 40600000 NA 7.60852603357719 NA
"1016" 40640000 NA 7.60895369927586 NA
"1017" 40680000 NA 7.60938094425071 NA
"1018" 40720000 NA 7.6098077693287 NA
"1019" 40760000 NA 7.61023417533439 NA
"1020" 40800000 NA 7.61066016308988 NA
"1021" 40840000 NA 7.61108573341487 NA
"1022" 40880000 NA 7.61151088712666 NA
"1023" 40920000 NA 7.61193562504012 NA
"1024" 40960000 NA 7.61235994796777 NA
"1025" 41000000 NA 7.61278385671974 NA
"1026" 41040000 NA 7.61320735210376 NA
"1027" 41080000 NA 7.61363043492524 NA
"1028" 41120000 NA 7.61405310598722 NA
"1029" 41160000 NA 7.61447536609039 NA
"1030" 41200000 NA 7.61489721603313 NA
"1031" 41240000 NA 7.61531865661148 NA
"1032" 41280000 NA 7.61573968861916 NA
"1033" 41320000 NA 7.61616031284758 NA
"1034" 41360000 NA 7.61658053008589 NA
"1035" 41400000 NA 7.6170003411209 NA
"1036" 41440000 NA 7.61741974673718 NA
"1037" 41480000 NA 7.617838747717 NA
"1038" 41520000 NA 7.6182573448404 NA
"1039" 41560000 NA 7.61867553888514 NA
"1040" 41600000 NA 7.61909333062674 NA
"1041" 41640000 NA 7.6195107208385 NA
"1042" 41680000 NA 7.61992771029147 NA
"1043" 41720000 NA 7.62034429975449 NA
"1044" 41760000 NA 7.62076048999421 NA
"1045" 41800000 NA 7.62117628177504 NA
"1046" 41840000 NA 7.62159167585922 NA
"1047" 41880000 NA 7.6220066730068 NA
"1048" 41920000 NA 7.62242127397567 NA
"1049" 41960000 NA 7.62283547952152 NA
"1050" 42000000 NA 7.6232492903979 NA
"1051" 42040000 NA 7.6236627073562 NA
"1052" 42080000 NA 7.62407573114568 NA
"1053" 42120000 NA 7.62448836251345 NA
"1054" 42160000 NA 7.62490060220449 NA
"1055" 42200000 NA 7.62531245096167 NA
"1056" 42240000 NA 7.62572390952576 NA
"1057" 42280000 NA 7.62613497863539 NA
"1058" 42320000 NA 7.62654565902713 NA
"1059" 42360000 NA 7.62695595143545 NA
"1060" 42400000 NA 7.62736585659273 NA
"1061" 42440000 NA 7.6277753752293 NA
"1062" 42480000 NA 7.62818450807341 NA
"1063" 42520000 NA 7.62859325585126 NA
"1064" 42560000 NA 7.62900161928699 NA
"1065" 42600000 NA 7.62940959910272 NA
"1066" 42640000 NA 7.62981719601852 NA
"1067" 42680000 NA 7.63022441075243 NA
"1068" 42720000 NA 7.6306312440205 NA
"1069" 42760000 NA 7.63103769653674 NA
"1070" 42800000 NA 7.63144376901317 NA
"1071" 42840000 NA 7.63184946215982 NA
"1072" 42880000 NA 7.63225477668471 NA
"1073" 42920000 NA 7.63265971329391 NA
"1074" 42960000 NA 7.6330642726915 NA
"1075" 43000000 NA 7.63346845557959 NA
"1076" 43040000 NA 7.63387226265833 NA
"1077" 43080000 NA 7.63427569462594 NA
"1078" 43120000 NA 7.63467875217868 NA
"1079" 43160000 NA 7.63508143601087 NA
"1080" 43200000 NA 7.63548374681491 NA
"1081" 43240000 NA 7.63588568528127 NA
"1082" 43280000 NA 7.63628725209851 NA
"1083" 43320000 NA 7.63668844795328 NA
"1084" 43360000 NA 7.63708927353033 NA
"1085" 43400000 NA 7.63748972951251 NA
"1086" 43440000 NA 7.63788981658079 NA
"1087" 43480000 NA 7.63828953541426 NA
"1088" 43520000 NA 7.63868888669012 NA
"1089" 43560000 NA 7.63908787108374 NA
"1090" 43600000 NA 7.63948648926859 NA
"1091" 43640000 NA 7.6398847419163 NA
"1092" 43680000 NA 7.64028262969668 NA
"1093" 43720000 NA 7.64068015327766 NA
"1094" 43760000 NA 7.64107731332537 NA
"1095" 43800000 NA 7.6414741105041 NA
"1096" 43840000 NA 7.64187054547631 NA
"1097" 43880000 NA 7.64226661890267 NA
"1098" 43920000 NA 7.64266233144204 NA
"1099" 43960000 NA 7.64305768375145 NA
"1100" 44000000 NA 7.64345267648619 NA
"1101" 44040000 NA 7.64384731029971 NA
"1102" 44080000 NA 7.64424158584373 NA
"1103" 44120000 NA 7.64463550376815 NA
"1104" 44160000 NA 7.64502906472114 NA
"1105" 44200000 NA 7.64542226934909 NA
"1106" 44240000 NA 7.64581511829664 NA
"1107" 44280000 NA 7.64620761220668 NA
"1108" 44320000 NA 7.64659975172037 NA
"1109" 44360000 NA 7.64699153747712 NA
"1110" 44400000 NA 7.64738297011462 NA
"1111" 44440000 NA 7.64777405026883 NA
"1112" 44480000 NA 7.648164778574 NA
"1113" 44520000 NA 7.64855515566267 NA
"1114" 44560000 NA 7.64894518216567 NA
"1115" 44600000 NA 7.64933485871214 NA
"1116" 44640000 NA 7.64972418592952 NA
"1117" 44680000 NA 7.65011316444357 NA
"1118" 44720000 NA 7.65050179487837 NA
"1119" 44760000 NA 7.65089007785631 NA
"1120" 44800000 NA 7.65127801399814 NA
"1121" 44840000 NA 7.65166560392294 NA
"1122" 44880000 NA 7.6520528482481 NA
"1123" 44920000 NA 7.65243974758942 NA
"1124" 44960000 NA 7.652826302561 NA
"1125" 45000000 NA 7.65321251377534 NA
"1126" 45040000 NA 7.65359838184329 NA
"1127" 45080000 NA 7.65398390737407 NA
"1128" 45120000 NA 7.65436909097529 NA
"1129" 45160000 NA 7.65475393325293 NA
"1130" 45200000 NA 7.65513843481138 NA
"1131" 45240000 NA 7.65552259625342 NA
"1132" 45280000 NA 7.65590641818021 NA
"1133" 45320000 NA 7.65628990119136 NA
"1134" 45360000 NA 7.65667304588485 NA
"1135" 45400000 NA 7.6570558528571 NA
"1136" 45440000 NA 7.65743832270296 NA
"1137" 45480000 NA 7.6578204560157 NA
"1138" 45520000 NA 7.65820225338701 NA
"1139" 45560000 NA 7.65858371540706 NA
"1140" 45600000 NA 7.65896484266444 NA
"1141" 45640000 NA 7.65934563574618 NA
"1142" 45680000 NA 7.65972609523779 NA
"1143" 45720000 NA 7.66010622172324 NA
"1144" 45760000 NA 7.66048601578497 NA
"1145" 45800000 NA 7.66086547800387 NA
"1146" 45840000 NA 7.66124460895933 NA
"1147" 45880000 NA 7.66162340922923 NA
"1148" 45920000 NA 7.66200187938992 NA
"1149" 45960000 NA 7.66238002001625 NA
"1150" 46000000 NA 7.66275783168157 NA
"1151" 46040000 NA 7.66313531495775 NA
"1152" 46080000 NA 7.66351247041516 NA
"1153" 46120000 NA 7.66388929862266 NA
"1154" 46160000 NA 7.66426580014767 NA
"1155" 46200000 NA 7.66464197555613 NA
"1156" 46240000 NA 7.66501782541247 NA
"1157" 46280000 NA 7.66539335027971 NA
"1158" 46320000 NA 7.66576855071938 NA
"1159" 46360000 NA 7.66614342729156 NA
"1160" 46400000 NA 7.66651798055488 NA
"1161" 46440000 NA 7.66689221106654 NA
"1162" 46480000 NA 7.66726611938227 NA
"1163" 46520000 NA 7.66763970605641 NA
"1164" 46560000 NA 7.66801297164183 NA
"1165" 46600000 NA 7.66838591669 NA
"1166" 46640000 NA 7.66875854175096 NA
"1167" 46680000 NA 7.66913084737333 NA
"1168" 46720000 NA 7.66950283410434 NA
"1169" 46760000 NA 7.6698745024898 NA
"1170" 46800000 NA 7.67024585307412 NA
"1171" 46840000 NA 7.67061688640033 NA
"1172" 46880000 NA 7.67098760301003 NA
"1173" 46920000 NA 7.67135800344349 NA
"1174" 46960000 NA 7.67172808823956 NA
"1175" 47000000 NA 7.67209785793572 NA
"1176" 47040000 NA 7.67246731306808 NA
"1177" 47080000 NA 7.6728364541714 NA
"1178" 47120000 NA 7.67320528177904 NA
"1179" 47160000 NA 7.67357379642305 NA
"1180" 47200000 NA 7.67394199863409 NA
"1181" 47240000 NA 7.67430988894148 NA
"1182" 47280000 NA 7.6746774678732 NA
"1183" 47320000 NA 7.67504473595589 NA
"1184" 47360000 NA 7.67541169371486 NA
"1185" 47400000 NA 7.67577834167408 NA
"1186" 47440000 NA 7.67614468035621 NA
"1187" 47480000 NA 7.67651071028255 NA
"1188" 47520000 NA 7.67687643197314 NA
"1189" 47560000 NA 7.67724184594665 NA
"1190" 47600000 NA 7.67760695272049 NA
"1191" 47640000 NA 7.67797175281074 NA
"1192" 47680000 NA 7.67833624673218 NA
"1193" 47720000 NA 7.6787004349983 NA
"1194" 47760000 NA 7.67906431812131 NA
"1195" 47800000 NA 7.67942789661212 NA
"1196" 47840000 NA 7.67979117098035 NA
"1197" 47880000 NA 7.68015414173437 NA
"1198" 47920000 NA 7.68051680938126 NA
"1199" 47960000 NA 7.68087917442681 NA
"1200" 48000000 NA 7.68124123737559 NA
"1201" 48040000 NA 7.68160299873087 NA
"1202" 48080000 NA 7.68196445899468 NA
"1203" 48120000 NA 7.68232561866781 NA
"1204" 48160000 NA 7.68268647824977 NA
"1205" 48200000 NA 7.68304703823885 NA
"1206" 48240000 NA 7.68340729913209 NA
"1207" 48280000 NA 7.68376726142531 NA
"1208" 48320000 NA 7.68412692561308 NA
"1209" 48360000 NA 7.68448629218873 NA
"1210" 48400000 NA 7.68484536164441 NA
"1211" 48440000 NA 7.68520413447101 NA
"1212" 48480000 NA 7.68556261115823 NA
"1213" 48520000 NA 7.68592079219454 NA
"1214" 48560000 NA 7.6862786780672 NA
"1215" 48600000 NA 7.68663626926229 NA
"1216" 48640000 NA 7.68699356626468 NA
"1217" 48680000 NA 7.68735056955803 NA
"1218" 48720000 NA 7.68770727962482 NA
"1219" 48760000 NA 7.68806369694634 NA
"1220" 48800000 NA 7.68841982200271 NA
"1221" 48840000 NA 7.68877565527284 NA
"1222" 48880000 NA 7.6891311972345 NA
"1223" 48920000 NA 7.68948644836425 NA
"1224" 48960000 NA 7.6898414091375 NA
"1225" 49000000 NA 7.69019608002851 NA
"1226" 49040000 NA 7.69055046151036 NA
"1227" 49080000 NA 7.69090455405497 NA
"1228" 49120000 NA 7.69125835813311 NA
"1229" 49160000 NA 7.69161187421442 NA
"1230" 49200000 NA 7.69196510276736 NA
"1231" 49240000 NA 7.69231804425928 NA
"1232" 49280000 NA 7.69267069915637 NA
"1233" 49320000 NA 7.69302306792369 NA
"1234" 49360000 NA 7.69337515102518 NA
"1235" 49400000 NA 7.69372694892365 NA
"1236" 49440000 NA 7.69407846208076 NA
"1237" 49480000 NA 7.69442969095708 NA
"1238" 49520000 NA 7.69478063601206 NA
"1239" 49560000 NA 7.69513129770403 NA
"1240" 49600000 NA 7.6954816764902 NA
"1241" 49640000 NA 7.69583177282669 NA
"1242" 49680000 NA 7.69618158716852 NA
"1243" 49720000 NA 7.69653111996961 NA
"1244" 49760000 NA 7.69688037168276 NA
"1245" 49800000 NA 7.69722934275972 NA
"1246" 49840000 NA 7.69757803365111 NA
"1247" 49880000 NA 7.69792644480651 NA
"1248" 49920000 NA 7.69827457667437 NA
"1249" 49960000 NA 7.6986224297021 NA
"1250" 50000000 NA 7.69897000433602 NA
"1251" 50040000 NA 7.69931730102138 NA
"1252" 50080000 NA 7.69966432020237 NA
"1253" 50120000 NA 7.70001106232211 NA
"1254" 50160000 NA 7.70035752782266 NA
"1255" 50200000 NA 7.70070371714502 NA
"1256" 50240000 NA 7.70104963072914 NA
"1257" 50280000 NA 7.70139526901392 NA
"1258" 50320000 NA 7.70174063243721 NA
"1259" 50360000 NA 7.70208572143583 NA
"1260" 50400000 NA 7.70243053644553 NA
"1261" 50440000 NA 7.70277507790104 NA
"1262" 50480000 NA 7.70311934623608 NA
"1263" 50520000 NA 7.70346334188329 NA
"1264" 50560000 NA 7.70380706527433 NA
"1265" 50600000 NA 7.7041505168398 NA
"1266" 50640000 NA 7.7044936970093 NA
"1267" 50680000 NA 7.7048366062114 NA
"1268" 50720000 NA 7.70517924487368 NA
"1269" 50760000 NA 7.70552161342267 NA
"1270" 50800000 NA 7.70586371228392 NA
"1271" 50840000 NA 7.70620554188197 NA
"1272" 50880000 NA 7.70654710264036 NA
"1273" 50920000 NA 7.70688839498162 NA
"1274" 50960000 NA 7.70722941932729 NA
"1275" 51000000 NA 7.70757017609794 NA
"1276" 51040000 NA 7.70791066571311 NA
"1277" 51080000 NA 7.70825088859138 NA
"1278" 51120000 NA 7.70859084515034 NA
"1279" 51160000 NA 7.70893053580662 NA
"1280" 51200000 NA 7.70926996097583 NA
"1281" 51240000 NA 7.70960912107265 NA
"1282" 51280000 NA 7.70994801651076 NA
"1283" 51320000 NA 7.71028664770289 NA
"1284" 51360000 NA 7.7106250150608 NA
"1285" 51400000 NA 7.71096311899528 NA
"1286" 51440000 NA 7.71130095991617 NA
"1287" 51480000 NA 7.71163853823235 NA
"1288" 51520000 NA 7.71197585435176 NA
"1289" 51560000 NA 7.71231290868137 NA
"1290" 51600000 NA 7.71264970162721 NA
"1291" 51640000 NA 7.71298623359438 NA
"1292" 51680000 NA 7.71332250498703 NA
"1293" 51720000 NA 7.71365851620836 NA
"1294" 51760000 NA 7.71399426766064 NA
"1295" 51800000 NA 7.71432975974523 NA
"1296" 51840000 NA 7.71466499286254 NA
"1297" 51880000 NA 7.71499996741204 NA
"1298" 51920000 NA 7.71533468379231 NA
"1299" 51960000 NA 7.71566914240099 NA
"1300" 52000000 NA 7.7160033436348 NA
"1301" 52040000 NA 7.71633728788955 NA
"1302" 52080000 NA 7.71667097556014 NA
"1303" 52120000 NA 7.71700440704055 NA
"1304" 52160000 NA 7.71733758272386 NA
"1305" 52200000 NA 7.71767050300226 NA
"1306" 52240000 NA 7.71800316826702 NA
"1307" 52280000 NA 7.71833557890851 NA
"1308" 52320000 NA 7.71866773531621 NA
"1309" 52360000 NA 7.71899963787872 NA
"1310" 52400000 NA 7.71933128698373 NA
"1311" 52440000 NA 7.71966268301805 NA
"1312" 52480000 NA 7.7199938263676 NA
"1313" 52520000 NA 7.72032471741744 NA
"1314" 52560000 NA 7.72065535655172 NA
"1315" 52600000 NA 7.72098574415374 NA
"1316" 52640000 NA 7.7213158806059 NA
"1317" 52680000 NA 7.72164576628975 NA
"1318" 52720000 NA 7.72197540158595 NA
"1319" 52760000 NA 7.72230478687433 NA
"1320" 52800000 NA 7.72263392253381 NA
"1321" 52840000 NA 7.72296280894249 NA
"1322" 52880000 NA 7.72329144647758 NA
"1323" 52920000 NA 7.72361983551546 NA
"1324" 52960000 NA 7.72394797643164 NA
"1325" 53000000 NA 7.72427586960079 NA
"1326" 53040000 NA 7.72460351539672 NA
"1327" 53080000 NA 7.7249309141924 NA
"1328" 53120000 NA 7.72525806635996 NA
"1329" 53160000 NA 7.72558497227069 NA
"1330" 53200000 NA 7.72591163229505 NA
"1331" 53240000 NA 7.72623804680264 NA
"1332" 53280000 NA 7.72656421616224 NA
"1333" 53320000 NA 7.72689014074182 NA
"1334" 53360000 NA 7.72721582090849 NA
"1335" 53400000 NA 7.72754125702856 NA
"1336" 53440000 NA 7.72786644946749 NA
"1337" 53480000 NA 7.72819139858995 NA
"1338" 53520000 NA 7.72851610475977 NA
"1339" 53560000 NA 7.72884056833997 NA
"1340" 53600000 NA 7.72916478969277 NA
"1341" 53640000 NA 7.72948876917956 NA
"1342" 53680000 NA 7.72981250716094 NA
"1343" 53720000 NA 7.73013600399668 NA
"1344" 53760000 NA 7.73045926004577 NA
"1345" 53800000 NA 7.73078227566639 NA
"1346" 53840000 NA 7.73110505121592 NA
"1347" 53880000 NA 7.73142758705095 NA
"1348" 53920000 NA 7.73174988352726 NA
"1349" 53960000 NA 7.73207194099987 NA
"1350" 54000000 NA 7.73239375982297 NA
"1351" 54040000 NA 7.73271534034999 NA
"1352" 54080000 NA 7.73303668293358 NA
"1353" 54120000 NA 7.73335778792559 NA
"1354" 54160000 NA 7.73367865567709 NA
"1355" 54200000 NA 7.73399928653839 NA
"1356" 54240000 NA 7.73431968085901 NA
"1357" 54280000 NA 7.7346398389877 NA
"1358" 54320000 NA 7.73495976127245 NA
"1359" 54360000 NA 7.73527944806046 NA
"1360" 54400000 NA 7.73559889969818 NA
"1361" 54440000 NA 7.7359181165313 NA
"1362" 54480000 NA 7.73623709890473 NA
"1363" 54520000 NA 7.73655584716264 NA
"1364" 54560000 NA 7.73687436164842 NA
"1365" 54600000 NA 7.73719264270474 NA
"1366" 54640000 NA 7.73751069067348 NA
"1367" 54680000 NA 7.73782850589578 NA
"1368" 54720000 NA 7.73814608871206 NA
"1369" 54760000 NA 7.73846343946195 NA
"1370" 54800000 NA 7.73878055848437 NA
"1371" 54840000 NA 7.73909744611747 NA
"1372" 54880000 NA 7.73941410269869 NA
"1373" 54920000 NA 7.73973052856472 NA
"1374" 54960000 NA 7.74004672405149 NA
"1375" 55000000 NA 7.74036268949424 NA
"1376" 55040000 NA 7.74067842522745 NA
"1377" 55080000 NA 7.74099393158489 NA
"1378" 55120000 NA 7.74130920889957 NA
"1379" 55160000 NA 7.74162425750381 NA
"1380" 55200000 NA 7.7419390777292 NA
"1381" 55240000 NA 7.74225366990659 NA
"1382" 55280000 NA 7.74256803436614 NA
"1383" 55320000 NA 7.74288217143727 NA
"1384" 55360000 NA 7.7431960814487 NA
"1385" 55400000 NA 7.74350976472843 NA
"1386" 55440000 NA 7.74382322160375 NA
"1387" 55480000 NA 7.74413645240125 NA
"1388" 55520000 NA 7.7444494574468 NA
"1389" 55560000 NA 7.74476223706558 NA
"1390" 55600000 NA 7.74507479158206 NA
"1391" 55640000 NA 7.74538712132001 NA
"1392" 55680000 NA 7.74569922660251 NA
"1393" 55720000 NA 7.74601110775193 NA
"1394" 55760000 NA 7.74632276508995 NA
"1395" 55800000 NA 7.74663419893758 NA
"1396" 55840000 NA 7.7469454096151 NA
"1397" 55880000 NA 7.74725639744214 NA
"1398" 55920000 NA 7.74756716273763 NA
"1399" 55960000 NA 7.74787770581979 NA
"1400" 56000000 NA 7.7481880270062 NA
"1401" 56040000 NA 7.74849812661374 NA
"1402" 56080000 NA 7.7488080049586 NA
"1403" 56120000 NA 7.74911766235632 NA
"1404" 56160000 NA 7.74942709912175 NA
"1405" 56200000 NA 7.74973631556906 NA
"1406" 56240000 NA 7.75004531201177 NA
"1407" 56280000 NA 7.75035408876271 NA
"1408" 56320000 NA 7.75066264613406 NA
"1409" 56360000 NA 7.75097098443732 NA
"1410" 56400000 NA 7.75127910398334 NA
"1411" 56440000 NA 7.75158700508231 NA
"1412" 56480000 NA 7.75189468804375 NA
"1413" 56520000 NA 7.75220215317652 NA
"1414" 56560000 NA 7.75250940078884 NA
"1415" 56600000 NA 7.75281643118827 NA
"1416" 56640000 NA 7.75312324468171 NA
"1417" 56680000 NA 7.75342984157542 NA
"1418" 56720000 NA 7.75373622217501 NA
"1419" 56760000 NA 7.75404238678544 NA
"1420" 56800000 NA 7.75434833571102 NA
"1421" 56840000 NA 7.75465406925543 NA
"1422" 56880000 NA 7.75495958772171 NA
"1423" 56920000 NA 7.75526489141225 NA
"1424" 56960000 NA 7.7555699806288 NA
"1425" 57000000 NA 7.75587485567249 NA
"1426" 57040000 NA 7.75617951684381 NA
"1427" 57080000 NA 7.75648396444261 NA
"1428" 57120000 NA 7.75678819876812 NA
"1429" 57160000 NA 7.75709222011893 NA
"1430" 57200000 NA 7.75739602879302 NA
"1431" 57240000 NA 7.75769962508774 NA
"1432" 57280000 NA 7.7580030092998 NA
"1433" 57320000 NA 7.75830618172531 NA
"1434" 57360000 NA 7.75860914265974 NA
"1435" 57400000 NA 7.75891189239797 NA
"1436" 57440000 NA 7.75921443123424 NA
"1437" 57480000 NA 7.75951675946219 NA
"1438" 57520000 NA 7.75981887737483 NA
"1439" 57560000 NA 7.76012078526457 NA
"1440" 57600000 NA 7.76042248342321 NA
"1441" 57640000 NA 7.76072397214195 NA
"1442" 57680000 NA 7.76102525171137 NA
"1443" 57720000 NA 7.76132632242146 NA
"1444" 57760000 NA 7.76162718456158 NA
"1445" 57800000 NA 7.76192783842053 NA
"1446" 57840000 NA 7.76222828428647 NA
"1447" 57880000 NA 7.762528522447 NA
"1448" 57920000 NA 7.76282855318909 NA
"1449" 57960000 NA 7.76312837679914 NA
"1450" 58000000 NA 7.76342799356294 NA
"1451" 58040000 NA 7.7637274037657 NA
"1452" 58080000 NA 7.76402660769204 NA
"1453" 58120000 NA 7.76432560562598 NA
"1454" 58160000 NA 7.76462439785098 NA
"1455" 58200000 NA 7.76492298464989 NA
"1456" 58240000 NA 7.76522136630498 NA
"1457" 58280000 NA 7.76551954309795 NA
"1458" 58320000 NA 7.76581751530992 NA
"1459" 58360000 NA 7.76611528322141 NA
"1460" 58400000 NA 7.7664128471124 NA
"1461" 58440000 NA 7.76671020726226 NA
"1462" 58480000 NA 7.7670073639498 NA
"1463" 58520000 NA 7.76730431745327 NA
"1464" 58560000 NA 7.76760106805034 NA
"1465" 58600000 NA 7.76789761601809 NA
"1466" 58640000 NA 7.76819396163307 NA
"1467" 58680000 NA 7.76849010517124 NA
"1468" 58720000 NA 7.76878604690801 NA
"1469" 58760000 NA 7.76908178711822 NA
"1470" 58800000 NA 7.76937732607614 NA
"1471" 58840000 NA 7.76967266405549 NA
"1472" 58880000 NA 7.76996780132944 NA
"1473" 58920000 NA 7.77026273817059 NA
"1474" 58960000 NA 7.770557474851 NA
"1475" 59000000 NA 7.77085201164214 NA
"1476" 59040000 NA 7.77114634881498 NA
"1477" 59080000 NA 7.77144048663991 NA
"1478" 59120000 NA 7.77173442538677 NA
"1479" 59160000 NA 7.77202816532485 NA
"1480" 59200000 NA 7.77232170672292 NA
"1481" 59240000 NA 7.77261504984917 NA
"1482" 59280000 NA 7.77290819497127 NA
"1483" 59320000 NA 7.77320114235634 NA
"1484" 59360000 NA 7.77349389227097 NA
"1485" 59400000 NA 7.77378644498119 NA
"1486" 59440000 NA 7.77407880075252 NA
"1487" 59480000 NA 7.77437095984992 NA
"1488" 59520000 NA 7.77466292253782 NA
"1489" 59560000 NA 7.77495468908014 NA
"1490" 59600000 NA 7.77524625974024 NA
"1491" 59640000 NA 7.77553763478096 NA
"1492" 59680000 NA 7.77582881446461 NA
"1493" 59720000 NA 7.77611979905299 NA
"1494" 59760000 NA 7.77641058880734 NA
"1495" 59800000 NA 7.77670118398841 NA
"1496" 59840000 NA 7.7769915848564 NA
"1497" 59880000 NA 7.77728179167101 NA
"1498" 59920000 NA 7.77757180469141 NA
"1499" 59960000 NA 7.77786162417624 NA
"1500" 60000000 NA 7.77815125038364 NA
"1501" 60040000 NA 7.77844068357123 NA
"1502" 60080000 NA 7.77872992399611 NA
"1503" 60120000 NA 7.77901897191487 NA
"1504" 60160000 NA 7.77930782758359 NA
"1505" 60200000 NA 7.77959649125782 NA
"1506" 60240000 NA 7.77988496319264 NA
"1507" 60280000 NA 7.78017324364259 NA
"1508" 60320000 NA 7.78046133286172 NA
"1509" 60360000 NA 7.78074923110355 NA
"1510" 60400000 NA 7.78103693862113 NA
"1511" 60440000 NA 7.78132445566699 NA
"1512" 60480000 NA 7.78161178249315 NA
"1513" 60520000 NA 7.78189891935115 NA
"1514" 60560000 NA 7.78218586649202 NA
"1515" 60600000 NA 7.78247262416629 NA
"1516" 60640000 NA 7.782759192624 NA
"1517" 60680000 NA 7.78304557211469 NA
"1518" 60720000 NA 7.78333176288742 NA
"1519" 60760000 NA 7.78361776519075 NA
"1520" 60800000 NA 7.78390357927274 NA
"1521" 60840000 NA 7.78418920538096 NA
"1522" 60880000 NA 7.78447464376252 NA
"1523" 60920000 NA 7.78475989466401 NA
"1524" 60960000 NA 7.78504495833154 NA
"1525" 61000000 NA 7.78532983501077 NA
"1526" 61040000 NA 7.78561452494682 NA
"1527" 61080000 NA 7.78589902838438 NA
"1528" 61120000 NA 7.78618334556763 NA
"1529" 61160000 NA 7.78646747674028 NA
"1530" 61200000 NA 7.78675142214556 NA
"1531" 61240000 NA 7.78703518202622 NA
"1532" 61280000 NA 7.78731875662455 NA
"1533" 61320000 NA 7.78760214618234 NA
"1534" 61360000 NA 7.78788535094092 NA
"1535" 61400000 NA 7.78816837114117 NA
"1536" 61440000 NA 7.78845120702346 NA
"1537" 61480000 NA 7.78873385882771 NA
"1538" 61520000 NA 7.78901632679337 NA
"1539" 61560000 NA 7.78929861115944 NA
"1540" 61600000 NA 7.78958071216443 NA
"1541" 61640000 NA 7.78986263004638 NA
"1542" 61680000 NA 7.7901443650429 NA
"1543" 61720000 NA 7.79042591739111 NA
"1544" 61760000 NA 7.79070728732768 NA
"1545" 61800000 NA 7.79098847508882 NA
"1546" 61840000 NA 7.79126948091027 NA
"1547" 61880000 NA 7.79155030502733 NA
"1548" 61920000 NA 7.79183094767484 NA
"1549" 61960000 NA 7.79211140908717 NA
"1550" 62000000 NA 7.79239168949825 NA
"1551" 62040000 NA 7.79267178914157 NA
"1552" 62080000 NA 7.79295170825013 NA
"1553" 62120000 NA 7.79323144705652 NA
"1554" 62160000 NA 7.79351100579286 NA
"1555" 62200000 NA 7.79379038469082 NA
"1556" 62240000 NA 7.79406958398163 NA
"1557" 62280000 NA 7.79434860389608 NA
"1558" 62320000 NA 7.79462744466451 NA
"1559" 62360000 NA 7.7949061065168 NA
"1560" 62400000 NA 7.79518458968242 NA
"1561" 62440000 NA 7.79546289439038 NA
"1562" 62480000 NA 7.79574102086924 NA
"1563" 62520000 NA 7.79601896934715 NA
"1564" 62560000 NA 7.79629674005179 NA
"1565" 62600000 NA 7.79657433321043 NA
"1566" 62640000 NA 7.79685174904989 NA
"1567" 62680000 NA 7.79712898779655 NA
"1568" 62720000 NA 7.79740604967638 NA
"1569" 62760000 NA 7.7976829349149 NA
"1570" 62800000 NA 7.7979596437372 NA
"1571" 62840000 NA 7.79823617636794 NA
"1572" 62880000 NA 7.79851253303135 NA
"1573" 62920000 NA 7.79878871395125 NA
"1574" 62960000 NA 7.79906471935101 NA
"1575" 63000000 NA 7.79934054945358 NA
"1576" 63040000 NA 7.7996162044815 NA
"1577" 63080000 NA 7.79989168465687 NA
"1578" 63120000 NA 7.80016699020136 NA
"1579" 63160000 NA 7.80044212133626 NA
"1580" 63200000 NA 7.80071707828238 NA
"1581" 63240000 NA 7.80099186126017 NA
"1582" 63280000 NA 7.80126647048962 NA
"1583" 63320000 NA 7.80154090619032 NA
"1584" 63360000 NA 7.80181516858144 NA
"1585" 63400000 NA 7.80208925788173 NA
"1586" 63440000 NA 7.80236317430955 NA
"1587" 63480000 NA 7.80263691808281 NA
"1588" 63520000 NA 7.80291048941904 NA
"1589" 63560000 NA 7.80318388853534 NA
"1590" 63600000 NA 7.80345711564841 NA
"1591" 63640000 NA 7.80373017097454 NA
"1592" 63680000 NA 7.80400305472961 NA
"1593" 63720000 NA 7.80427576712909 NA
"1594" 63760000 NA 7.80454830838806 NA
"1595" 63800000 NA 7.80482067872116 NA
"1596" 63840000 NA 7.80509287834267 NA
"1597" 63880000 NA 7.80536490746645 NA
"1598" 63920000 NA 7.80563676630593 NA
"1599" 63960000 NA 7.8059084550742 NA
"1600" 64000000 NA 7.80617997398389 NA
"1601" 64040000 NA 7.80645132324726 NA
"1602" 64080000 NA 7.80672250307618 NA
"1603" 64120000 NA 7.80699351368211 NA
"1604" 64160000 NA 7.80726435527611 NA
"1605" 64200000 NA 7.80753502806885 NA
"1606" 64240000 NA 7.80780553227062 NA
"1607" 64280000 NA 7.80807586809131 NA
"1608" 64320000 NA 7.80834603574039 NA
"1609" 64360000 NA 7.80861603542699 NA
"1610" 64400000 NA 7.80888586735981 NA
"1611" 64440000 NA 7.80915553174718 NA
"1612" 64480000 NA 7.80942502879703 NA
"1613" 64520000 NA 7.80969435871692 NA
"1614" 64560000 NA 7.80996352171401 NA
"1615" 64600000 NA 7.81023251799508 NA
"1616" 64640000 NA 7.81050134776653 NA
"1617" 64680000 NA 7.81077001123436 NA
"1618" 64720000 NA 7.81103850860422 NA
"1619" 64760000 NA 7.81130684008134 NA
"1620" 64800000 NA 7.81157500587059 NA
"1621" 64840000 NA 7.81184300617648 NA
"1622" 64880000 NA 7.8121108412031 NA
"1623" 64920000 NA 7.81237851115419 NA
"1624" 64960000 NA 7.81264601623312 NA
"1625" 65000000 NA 7.81291335664286 NA
"1626" 65040000 NA 7.81318053258601 NA
"1627" 65080000 NA 7.81344754426482 NA
"1628" 65120000 NA 7.81371439188114 NA
"1629" 65160000 NA 7.81398107563647 NA
"1630" 65200000 NA 7.81424759573192 NA
"1631" 65240000 NA 7.81451395236824 NA
"1632" 65280000 NA 7.8147801457458 NA
"1633" 65320000 NA 7.81504617606463 NA
"1634" 65360000 NA 7.81531204352436 NA
"1635" 65400000 NA 7.81557774832427 NA
"1636" 65440000 NA 7.81584329066327 NA
"1637" 65480000 NA 7.8161086707399 NA
"1638" 65520000 NA 7.81637388875236 NA
"1639" 65560000 NA 7.81663894489846 NA
"1640" 65600000 NA 7.81690383937566 NA
"1641" 65640000 NA 7.81716857238106 NA
"1642" 65680000 NA 7.81743314411138 NA
"1643" 65720000 NA 7.81769755476302 NA
"1644" 65760000 NA 7.81796180453199 NA
"1645" 65800000 NA 7.81822589361396 NA
"1646" 65840000 NA 7.81848982220421 NA
"1647" 65880000 NA 7.81875359049772 NA
"1648" 65920000 NA 7.81901719868906 NA
"1649" 65960000 NA 7.81928064697248 NA
"1650" 66000000 NA 7.81954393554187 NA
"1651" 66040000 NA 7.81980706459076 NA
"1652" 66080000 NA 7.82007003431233 NA
"1653" 66120000 NA 7.82033284489941 NA
"1654" 66160000 NA 7.82059549654449 NA
"1655" 66200000 NA 7.8208579894397 NA
"1656" 66240000 NA 7.82112032377682 NA
"1657" 66280000 NA 7.8213824997473 NA
"1658" 66320000 NA 7.82164451754222 NA
"1659" 66360000 NA 7.82190637735232 NA
"1660" 66400000 NA 7.82216807936802 NA
"1661" 66440000 NA 7.82242962377936 NA
"1662" 66480000 NA 7.82269101077605 NA
"1663" 66520000 NA 7.82295224054748 NA
"1664" 66560000 NA 7.82321331328267 NA
"1665" 66600000 NA 7.8234742291703 NA
"1666" 66640000 NA 7.82373498839873 NA
"1667" 66680000 NA 7.82399559115597 NA
"1668" 66720000 NA 7.82425603762968 NA
"1669" 66760000 NA 7.82451632800721 NA
"1670" 66800000 NA 7.82477646247555 NA
"1671" 66840000 NA 7.82503644122135 NA
"1672" 66880000 NA 7.82529626443096 NA
"1673" 66920000 NA 7.82555593229036 NA
"1674" 66960000 NA 7.8258154449852 NA
"1675" 67000000 NA 7.82607480270083 NA
"1676" 67040000 NA 7.82633400562222 NA
"1677" 67080000 NA 7.82659305393405 NA
"1678" 67120000 NA 7.82685194782064 NA
"1679" 67160000 NA 7.82711068746601 NA
"1680" 67200000 NA 7.82736927305382 NA
"1681" 67240000 NA 7.82762770476743 NA
"1682" 67280000 NA 7.82788598278986 NA
"1683" 67320000 NA 7.82814410730379 NA
"1684" 67360000 NA 7.82840207849159 NA
"1685" 67400000 NA 7.82865989653532 NA
"1686" 67440000 NA 7.82891756161669 NA
"1687" 67480000 NA 7.82917507391709 NA
"1688" 67520000 NA 7.8294324336176 NA
"1689" 67560000 NA 7.82968964089897 NA
"1690" 67600000 NA 7.82994669594164 NA
"1691" 67640000 NA 7.8302035989257 NA
"1692" 67680000 NA 7.83046035003097 NA
"1693" 67720000 NA 7.8307169494369 NA
"1694" 67760000 NA 7.83097339732265 NA
"1695" 67800000 NA 7.83122969386706 NA
"1696" 67840000 NA 7.83148583924866 NA
"1697" 67880000 NA 7.83174183364564 NA
"1698" 67920000 NA 7.8319976772359 NA
"1699" 67960000 NA 7.83225337019701 NA
"1700" 68000000 NA 7.83250891270624 NA
"1701" 68040000 NA 7.83276430494053 NA
"1702" 68080000 NA 7.83301954707653 NA
"1703" 68120000 NA 7.83327463929056 NA
"1704" 68160000 NA 7.83352958175864 NA
"1705" 68200000 NA 7.83378437465648 NA
"1706" 68240000 NA 7.83403901815947 NA
"1707" 68280000 NA 7.8342935124427 NA
"1708" 68320000 NA 7.83454785768095 NA
"1709" 68360000 NA 7.8348020540487 NA
"1710" 68400000 NA 7.83505610172012 NA
"1711" 68440000 NA 7.83531000086906 NA
"1712" 68480000 NA 7.8355637516691 NA
"1713" 68520000 NA 7.83581735429347 NA
"1714" 68560000 NA 7.83607080891514 NA
"1715" 68600000 NA 7.83632411570675 NA
"1716" 68640000 NA 7.83657727484065 NA
"1717" 68680000 NA 7.83683028648888 NA
"1718" 68720000 NA 7.83708315082319 NA
"1719" 68760000 NA 7.83733586801501 NA
"1720" 68800000 NA 7.83758843823551 NA
"1721" 68840000 NA 7.83784086165552 NA
"1722" 68880000 NA 7.8380931384456 NA
"1723" 68920000 NA 7.83834526877599 NA
"1724" 68960000 NA 7.83859725281666 NA
"1725" 69000000 NA 7.83884909073726 NA
"1726" 69040000 NA 7.83910078270715 NA
"1727" 69080000 NA 7.83935232889542 NA
"1728" 69120000 NA 7.83960372947084 NA
"1729" 69160000 NA 7.83985498460189 NA
"1730" 69200000 NA 7.84010609445676 NA
"1731" 69240000 NA 7.84035705920336 NA
"1732" 69280000 NA 7.84060787900929 NA
"1733" 69320000 NA 7.84085855404188 NA
"1734" 69360000 NA 7.84110908446815 NA
"1735" 69400000 NA 7.84135947045486 NA
"1736" 69440000 NA 7.84160971216844 NA
"1737" 69480000 NA 7.84185980977506 NA
"1738" 69520000 NA 7.84210976344061 NA
"1739" 69560000 NA 7.84235957333067 NA
"1740" 69600000 NA 7.84260923961056 NA
"1741" 69640000 NA 7.84285876244529 NA
"1742" 69680000 NA 7.84310814199961 NA
"1743" 69720000 NA 7.84335737843796 NA
"1744" 69760000 NA 7.84360647192451 NA
"1745" 69800000 NA 7.84385542262316 NA
"1746" 69840000 NA 7.84410423069751 NA
"1747" 69880000 NA 7.84435289631089 NA
"1748" 69920000 NA 7.84460141962635 NA
"1749" 69960000 NA 7.84484980080664 NA
"1750" 70000000 NA 7.84509804001426 NA
"1751" 70040000 NA 7.84534613741141 NA
"1752" 70080000 NA 7.84559409316002 NA
"1753" 70120000 NA 7.84584190742176 NA
"1754" 70160000 NA 7.84608958035798 NA
"1755" 70200000 NA 7.84633711212981 NA
"1756" 70240000 NA 7.84658450289805 NA
"1757" 70280000 NA 7.84683175282326 NA
"1758" 70320000 NA 7.84707886206572 NA
"1759" 70360000 NA 7.84732583078542 NA
"1760" 70400000 NA 7.84757265914211 NA
"1761" 70440000 NA 7.84781934729524 NA
"1762" 70480000 NA 7.84806589540399 NA
"1763" 70520000 NA 7.84831230362728 NA
"1764" 70560000 NA 7.84855857212376 NA
"1765" 70600000 NA 7.8488047010518 NA
"1766" 70640000 NA 7.84905069056951 NA
"1767" 70680000 NA 7.84929654083473 NA
"1768" 70720000 NA 7.84954225200502 NA
"1769" 70760000 NA 7.84978782423769 NA
"1770" 70800000 NA 7.85003325768977 NA
"1771" 70840000 NA 7.85027855251804 NA
"1772" 70880000 NA 7.85052370887899 NA
"1773" 70920000 NA 7.85076872692888 NA
"1774" 70960000 NA 7.85101360682367 NA
"1775" 71000000 NA 7.85125834871908 NA
"1776" 71040000 NA 7.85150295277054 NA
"1777" 71080000 NA 7.85174741913326 NA
"1778" 71120000 NA 7.85199174796216 NA
"1779" 71160000 NA 7.85223593941189 NA
"1780" 71200000 NA 7.85247999363686 NA
"1781" 71240000 NA 7.85272391079121 NA
"1782" 71280000 NA 7.85296769102882 NA
"1783" 71320000 NA 7.85321133450332 NA
"1784" 71360000 NA 7.85345484136807 NA
"1785" 71400000 NA 7.85369821177617 NA
"1786" 71440000 NA 7.85394144588049 NA
"1787" 71480000 NA 7.85418454383361 NA
"1788" 71520000 NA 7.85442750578786 NA
"1789" 71560000 NA 7.85467033189534 NA
"1790" 71600000 NA 7.85491302230786 NA
"1791" 71640000 NA 7.85515557717699 NA
"1792" 71680000 NA 7.85539799665407 NA
"1793" 71720000 NA 7.85564028089015 NA
"1794" 71760000 NA 7.85588243003604 NA
"1795" 71800000 NA 7.8561244442423 NA
"1796" 71840000 NA 7.85636632365925 NA
"1797" 71880000 NA 7.85660806843694 NA
"1798" 71920000 NA 7.85684967872517 NA
"1799" 71960000 NA 7.85709115467351 NA
"1800" 72000000 NA 7.85733249643127 NA
"1801" 72040000 NA 7.8575737041475 NA
"1802" 72080000 NA 7.85781477797101 NA
"1803" 72120000 NA 7.85805571805036 NA
"1804" 72160000 NA 7.85829652453388 NA
"1805" 72200000 NA 7.85853719756964 NA
"1806" 72240000 NA 7.85877773730545 NA
"1807" 72280000 NA 7.85901814388889 NA
"1808" 72320000 NA 7.85925841746731 NA
"1809" 72360000 NA 7.85949855818778 NA
"1810" 72400000 NA 7.85973856619715 NA
"1811" 72440000 NA 7.85997844164202 NA
"1812" 72480000 NA 7.86021818466876 NA
"1813" 72520000 NA 7.86045779542347 NA
"1814" 72560000 NA 7.86069727405204 NA
"1815" 72600000 NA 7.86093662070009 NA
"1816" 72640000 NA 7.86117583551303 NA
"1817" 72680000 NA 7.861414918636 NA
"1818" 72720000 NA 7.86165387021391 NA
"1819" 72760000 NA 7.86189269039145 NA
"1820" 72800000 NA 7.86213137931304 NA
"1821" 72840000 NA 7.86236993712288 NA
"1822" 72880000 NA 7.86260836396494 NA
"1823" 72920000 NA 7.86284665998294 NA
"1824" 72960000 NA 7.86308482532036 NA
"1825" 73000000 NA 7.86332286012046 NA
"1826" 73040000 NA 7.86356076452624 NA
"1827" 73080000 NA 7.8637985386805 NA
"1828" 73120000 NA 7.86403618272578 NA
"1829" 73160000 NA 7.86427369680438 NA
"1830" 73200000 NA 7.86451108105839 NA
"1831" 73240000 NA 7.86474833562966 NA
"1832" 73280000 NA 7.86498546065979 NA
"1833" 73320000 NA 7.86522245629018 NA
"1834" 73360000 NA 7.86545932266196 NA
"1835" 73400000 NA 7.86569605991607 NA
"1836" 73440000 NA 7.86593266819319 NA
"1837" 73480000 NA 7.86616914763377 NA
"1838" 73520000 NA 7.86640549837805 NA
"1839" 73560000 NA 7.86664172056604 NA
"1840" 73600000 NA 7.8668778143375 NA
"1841" 73640000 NA 7.86711377983198 NA
"1842" 73680000 NA 7.86734961718879 NA
"1843" 73720000 NA 7.86758532654704 NA
"1844" 73760000 NA 7.86782090804557 NA
"1845" 73800000 NA 7.86805636182304 NA
"1846" 73840000 NA 7.86829168801786 NA
"1847" 73880000 NA 7.8685268867682 NA
"1848" 73920000 NA 7.86876195821205 NA
"1849" 73960000 NA 7.86899690248714 NA
"1850" 74000000 NA 7.86923171973098 NA
"1851" 74040000 NA 7.86946641008087 NA
"1852" 74080000 NA 7.86970097367388 NA
"1853" 74120000 NA 7.86993541064686 NA
"1854" 74160000 NA 7.87016972113644 NA
"1855" 74200000 NA 7.87040390527903 NA
"1856" 74240000 NA 7.87063796321081 NA
"1857" 74280000 NA 7.87087189506774 NA
"1858" 74320000 NA 7.87110570098559 NA
"1859" 74360000 NA 7.87133938109986 NA
"1860" 74400000 NA 7.87157293554588 NA
"1861" 74440000 NA 7.87180636445873 NA
"1862" 74480000 NA 7.87203966797329 NA
"1863" 74520000 NA 7.87227284622421 NA
"1864" 74560000 NA 7.87250589934593 NA
"1865" 74600000 NA 7.87273882747267 NA
"1866" 74640000 NA 7.87297163073844 NA
"1867" 74680000 NA 7.87320430927704 NA
"1868" 74720000 NA 7.87343686322204 NA
"1869" 74760000 NA 7.87366929270679 NA
"1870" 74800000 NA 7.87390159786446 NA
"1871" 74840000 NA 7.87413377882797 NA
"1872" 74880000 NA 7.87436583573005 NA
"1873" 74920000 NA 7.8745977687032 NA
"1874" 74960000 NA 7.87482957787972 NA
"1875" 75000000 NA 7.8750612633917 NA
"1876" 75040000 NA 7.87529282537101 NA
"1877" 75080000 NA 7.87552426394931 NA
"1878" 75120000 NA 7.87575557925805 NA
"1879" 75160000 NA 7.87598677142849 NA
"1880" 75200000 NA 7.87621784059164 NA
"1881" 75240000 NA 7.87644878687834 NA
"1882" 75280000 NA 7.8766796104192 NA
"1883" 75320000 NA 7.87691031134463 NA
"1884" 75360000 NA 7.87714088978482 NA
"1885" 75400000 NA 7.87737134586977 NA
"1886" 75440000 NA 7.87760167972927 NA
"1887" 75480000 NA 7.87783189149289 NA
"1888" 75520000 NA 7.87806198129001 NA
"1889" 75560000 NA 7.8782919492498 NA
"1890" 75600000 NA 7.87852179550121 NA
"1891" 75640000 NA 7.878751520173 NA
"1892" 75680000 NA 7.87898112339374 NA
"1893" 75720000 NA 7.87921060529176 NA
"1894" 75760000 NA 7.87943996599522 NA
"1895" 75800000 NA 7.87966920563205 NA
"1896" 75840000 NA 7.87989832433001 NA
"1897" 75880000 NA 7.88012732221662 NA
"1898" 75920000 NA 7.88035619941924 NA
"1899" 75960000 NA 7.88058495606498 NA
"1900" 76000000 NA 7.88081359228079 NA
"1901" 76040000 NA 7.88104210819341 NA
"1902" 76080000 NA 7.88127050392936 NA
"1903" 76120000 NA 7.88149877961498 NA
"1904" 76160000 NA 7.88172693537642 NA
"1905" 76200000 NA 7.8819549713396 NA
"1906" 76240000 NA 7.88218288763027 NA
"1907" 76280000 NA 7.88241068437397 NA
"1908" 76320000 NA 7.88263836169604 NA
"1909" 76360000 NA 7.88286591972163 NA
"1910" 76400000 NA 7.88309335857569 NA
"1911" 76440000 NA 7.88332067838298 NA
"1912" 76480000 NA 7.88354787926804 NA
"1913" 76520000 NA 7.88377496135526 NA
"1914" 76560000 NA 7.88400192476879 NA
"1915" 76600000 NA 7.8842287696326 NA
"1916" 76640000 NA 7.88445549607049 NA
"1917" 76680000 NA 7.88468210420602 NA
"1918" 76720000 NA 7.88490859416261 NA
"1919" 76760000 NA 7.88513496606343 NA
"1920" 76800000 NA 7.88536122003151 NA
"1921" 76840000 NA 7.88558735618966 NA
"1922" 76880000 NA 7.88581337466049 NA
"1923" 76920000 NA 7.88603927556644 NA
"1924" 76960000 NA 7.88626505902976 NA
"1925" 77000000 NA 7.88649072517248 NA
"1926" 77040000 NA 7.88671627411648 NA
"1927" 77080000 NA 7.88694170598342 NA
"1928" 77120000 NA 7.88716702089477 NA
"1929" 77160000 NA 7.88739221897185 NA
"1930" 77200000 NA 7.88761730033574 NA
"1931" 77240000 NA 7.88784226510736 NA
"1932" 77280000 NA 7.88806711340744 NA
"1933" 77320000 NA 7.88829184535652 NA
"1934" 77360000 NA 7.88851646107495 NA
"1935" 77400000 NA 7.88874096068289 NA
"1936" 77440000 NA 7.88896534430034 NA
"1937" 77480000 NA 7.88918961204707 NA
"1938" 77520000 NA 7.88941376404271 NA
"1939" 77560000 NA 7.88963780040667 NA
"1940" 77600000 NA 7.88986172125819 NA
"1941" 77640000 NA 7.89008552671632 NA
"1942" 77680000 NA 7.89030921689995 NA
"1943" 77720000 NA 7.89053279192775 NA
"1944" 77760000 NA 7.89075625191822 NA
"1945" 77800000 NA 7.89097959698969 NA
"1946" 77840000 NA 7.8912028272603 NA
"1947" 77880000 NA 7.89142594284799 NA
"1948" 77920000 NA 7.89164894387056 NA
"1949" 77960000 NA 7.89187183044558 NA
"1950" 78000000 NA 7.89209460269048 NA
"1951" 78040000 NA 7.89231726072248 NA
"1952" 78080000 NA 7.89253980465864 NA
"1953" 78120000 NA 7.89276223461582 NA
"1954" 78160000 NA 7.89298455071072 NA
"1955" 78200000 NA 7.89320675305985 NA
"1956" 78240000 NA 7.89342884177954 NA
"1957" 78280000 NA 7.89365081698596 NA
"1958" 78320000 NA 7.89387267879508 NA
"1959" 78360000 NA 7.8940944273227 NA
"1960" 78400000 NA 7.89431606268444 NA
"1961" 78440000 NA 7.89453758499575 NA
"1962" 78480000 NA 7.89475899437189 NA
"1963" 78520000 NA 7.89498029092797 NA
"1964" 78560000 NA 7.89520147477889 NA
"1965" 78600000 NA 7.89542254603941 NA
"1966" 78640000 NA 7.89564350482408 NA
"1967" 78680000 NA 7.8958643512473 NA
"1968" 78720000 NA 7.89608508542328 NA
"1969" 78760000 NA 7.89630570746608 NA
"1970" 78800000 NA 7.89652621748955 NA
"1971" 78840000 NA 7.89674661560741 NA
"1972" 78880000 NA 7.89696690193315 NA
"1973" 78920000 NA 7.89718707658015 NA
"1974" 78960000 NA 7.89740713966158 NA
"1975" 79000000 NA 7.89762709129044 NA
"1976" 79040000 NA 7.89784693157957 NA
"1977" 79080000 NA 7.89806666064163 NA
"1978" 79120000 NA 7.89828627858912 NA
"1979" 79160000 NA 7.89850578553436 NA
"1980" 79200000 NA 7.89872518158949 NA
"1981" 79240000 NA 7.89894446686651 NA
"1982" 79280000 NA 7.89916364147722 NA
"1983" 79320000 NA 7.89938270553326 NA
"1984" 79360000 NA 7.89960165914612 NA
"1985" 79400000 NA 7.8998205024271 NA
"1986" 79440000 NA 7.90003923548732 NA
"1987" 79480000 NA 7.90025785843778 NA
"1988" 79520000 NA 7.90047637138926 NA
"1989" 79560000 NA 7.9006947744524 NA
"1990" 79600000 NA 7.90091306773767 NA
"1991" 79640000 NA 7.90113125135537 NA
"1992" 79680000 NA 7.90134932541564 NA
"1993" 79720000 NA 7.90156729002845 NA
"1994" 79760000 NA 7.9017851453036 NA
"1995" 79800000 NA 7.90200289135073 NA
"1996" 79840000 NA 7.90222052827931 NA
"1997" 79880000 NA 7.90243805619867 NA
"1998" 79920000 NA 7.90265547521793 NA
"1999" 79960000 NA 7.90287278544608 NA
"2000" 80000000 NA 7.90308998699194 NA
"2001" 80040000 NA 7.90330707996417 NA
"2002" 80080000 NA 7.90352406447126 NA
"2003" 80120000 NA 7.90374094062154 NA
"2004" 80160000 NA 7.90395770852317 NA
"2005" 80200000 NA 7.90417436828416 NA
"2006" 80240000 NA 7.90439092001236 NA
"2007" 80280000 NA 7.90460736381545 NA
"2008" 80320000 NA 7.90482369980094 NA
"2009" 80360000 NA 7.90503992807621 NA
"2010" 80400000 NA 7.90525604874845 NA
"2011" 80440000 NA 7.9054720619247 NA
"2012" 80480000 NA 7.90568796771185 NA
"2013" 80520000 NA 7.90590376621662 NA
"2014" 80560000 NA 7.90611945754556 NA
"2015" 80600000 NA 7.90633504180509 NA
"2016" 80640000 NA 7.90655051910145 NA
"2017" 80680000 NA 7.90676588954073 NA
"2018" 80720000 NA 7.90698115322885 NA
"2019" 80760000 NA 7.9071963102716 NA
"2020" 80800000 NA 7.90741136077459 NA
"2021" 80840000 NA 7.90762630484327 NA
"2022" 80880000 NA 7.90784114258294 NA
"2023" 80920000 NA 7.90805587409877 NA
"2024" 80960000 NA 7.90827049949572 NA
"2025" 81000000 NA 7.90848501887865 NA
"2026" 81040000 NA 7.90869943235222 NA
"2027" 81080000 NA 7.90891374002097 NA
"2028" 81120000 NA 7.90912794198926 NA
