"realInteractionDistance" "loessExpectedValue" "loggendist" "loginteraction"
"1" 40000 2430.67118356316 4.60205999132796 0
"2" 80000 1670.931582989 4.90308998699194 -0.1627675444265
"3" 120000 974.277032098527 5.07918124604763 -0.397043747828926
"4" 160000 763.469240571622 5.20411998265593 -0.50293466786459
"5" 200000 640.682019693084 5.30102999566398 -0.579083676327511
"6" 240000 561.262576978754 5.38021124171161 -0.636560126358643
"7" 280000 488.987496031932 5.44715803134222 -0.696428458449631
"8" 320000 437.837872322519 5.50514997831991 -0.744412887628694
"9" 360000 393.427183658441 5.55630250076729 -0.790861848325508
"10" 400000 361.16285301317 5.60205999132796 -0.828023137227232
"11" 440000 334.570480202237 5.64345267648619 -0.861238592631665
"12" 480000 311.535821025523 5.68124123737559 -0.89221822237636
"13" 520000 289.516405722456 5.7160033436348 -0.924053033839358
"14" 560000 268.296404313009 5.7481880270062 -0.957111359978963
"15" 600000 253.565809447156 5.77815125038364 -0.981635518973597
"16" 640000 239.451118777272 5.80617997398389 -1.00650934179094
"17" 680000 224.40962965427 5.83250891270624 -1.03468472329095
"18" 720000 210.875496241297 5.85733249643127 -1.06170009471107
"19" 760000 199.455308400585 5.88081359228079 -1.08588061298569
"20" 800000 187.714156890898 5.90308998699194 -1.11222918514543
"21" 840000 175.412222794786 5.92427928606188 -1.14166636041
"22" 880000 164.490994268737 5.94448267215017 -1.16958408659814
"23" 920000 156.99273079792 5.96378782734556 -1.18984666848311
"24" 960000 148.903624280823 5.98227123303957 -1.21282094379881
"25" 1000000 141.250100043622 6 -1.23573744821932
"26" 1040000 133.314638191677 6.01703333929878 -1.26084837394756
"27" 1080000 128.687208706703 6.03342375548695 -1.27619083140534
"28" 1120000 122.177843920245 6.04921802267018 -1.29873375546714
"29" 1160000 117.392311339664 6.06445798922692 -1.3160865587723
"30" 1200000 110.319301623175 6.07918124604763 -1.34307470843657
"31" 1240000 105.140008010326 6.09342168516223 -1.36395820653983
"32" 1280000 100.568814877192 6.10720996964787 -1.38326287996353
"33" 1320000 97.1977141552351 6.12057393120585 -1.39807016077297
"34" 1360000 94.4686654827966 6.13353890837022 -1.41043843199714
"35" 1400000 91.3348061070276 6.14612803567824 -1.42508990115448
"36" 1440000 87.8649685381465 6.15836249209525 -1.44191045444949
"37" 1480000 85.6230410065331 6.17026171539496 -1.45313556404052
"38" 1520000 82.3749711554817 6.18184358794477 -1.46993093678091
"39" 1560000 79.3461889334441 6.19312459835446 -1.48620014026031
"40" 1600000 77.281207998835 6.20411998265593 -1.49765231030094
"41" 1640000 74.9960954274242 6.2148438480477 -1.51068755929778
"42" 1680000 73.0518365515854 6.22530928172586 -1.52209507357017
"43" 1720000 71.2935606269902 6.23552844690755 -1.53267590700866
"44" 1760000 70.1540666142653 6.24551266781415 -1.53967336150797
"45" 1800000 68.7721747951499 6.25527250510331 -1.54831345397636
"46" 1840000 67.0344967426197 6.26481782300954 -1.55942785902089
"47" 1880000 65.1798726884463 6.27415784926368 -1.57161270445879
"48" 1920000 64.1843189828863 6.28330122870355 -1.57829727475573
"49" 1960000 63.3520744574803 6.29225607135648 -1.58396537192731
"50" 2000000 61.8881631271176 6.30102999566398 -1.59411861951202
"51" 2040000 60.512562870514 6.3096301674259 -1.60388066544342
"52" 2080000 59.6278022522794 6.31806333496276 -1.6102774097946
"53" 2120000 58.0890769676019 6.32633586092875 -1.6216317366955
"54" 2160000 55.8945171599757 6.33445375115093 -1.63835700342085
"55" 2200000 54.4250611362216 6.34242268082221 -1.64992728674914
"56" 2240000 54.1807841613158 6.35024801833416 -1.6518809260006
"57" 2280000 52.811965092527 6.35793484700045 -1.66299388475775
"58" 2320000 51.2081605075701 6.3654879848909 -1.6763870368614
"59" 2360000 50.1913982286835 6.37291200297011 -1.68509691791213
"60" 2400000 49.8802134570872 6.38021124171161 -1.68779790898224
"61" 2440000 49.1046327080425 6.38738982633873 -1.69460374534728
"62" 2480000 48.1531787339616 6.39445168082622 -1.70310125083791
"63" 2520000 46.6412711785696 6.40140054078154 -1.71695583397417
"64" 2560000 45.5066211714206 6.40823996531185 -1.7276516216087
"65" 2600000 44.2685827644838 6.41497334797082 -1.73963059381915
"66" 2640000 43.7554557379749 6.42160392686983 -1.74469400068475
"67" 2680000 44.1248273245004 6.42813479402879 -1.74104319345316
"68" 2720000 43.7551276122562 6.4345689040342 -1.74469725750658
"69" 2760000 42.8092840246745 6.44090908206522 -1.75418824788915
"70" 2800000 41.5540323312642 6.44715803134222 -1.76711303896124
"71" 2840000 40.4551597531313 6.45331834004704 -1.77875229181517
"72" 2880000 39.8196896935465 6.45939248775923 -1.78562834097076
"73" 2920000 38.8785796278735 6.46538285144842 -1.7960158220805
"74" 2960000 38.2460899680601 6.47129171105894 -1.80313916999923
"75" 3000000 38.0013041125506 6.47712125471966 -1.80592771150454
"76" 3040000 37.5488476382871 6.48287358360875 -1.81112959911921
"77" 3080000 37.3805159196989 6.48855071650044 -1.81308092116513
"78" 3120000 36.9440894296612 6.49415459401844 -1.81818124544944
"79" 3160000 36.4753625599374 6.4996870826184 -1.82372659489735
"80" 3200000 36.189355600641 6.50514997831991 -1.82714536232075
"81" 3240000 36.197746823382 6.51054501020661 -1.82704467416977
"82" 3280000 35.7015339867798 6.51587384371168 -1.83303933547837
"83" 3320000 35.1792589785141 6.52113808370404 -1.83943952513993
"84" 3360000 34.221802088665 6.52633927738984 -1.85142333695417
"85" 3400000 33.5688889721223 6.53147891704226 -1.8597892446473
"86" 3440000 32.9489477111654 6.53655844257153 -1.86788466319877
"87" 3480000 32.6793181048324 6.54157924394658 -1.87145322645684
"88" 3520000 32.171129002889 6.54654266347813 -1.87825991015458
"89" 3560000 31.755374861358 6.55144999797287 -1.8839089685065
"90" 3600000 31.5286997974696 6.55630250076729 -1.88702015093175
"91" 3640000 31.1287496436893 6.56110138364906 -1.89256453569269
"92" 3680000 30.6286362420368 6.56584781867352 -1.89959855228898
"93" 3720000 30.2962127988848 6.5705429398819 -1.90433786972657
"94" 3760000 29.8639358829249 6.57518784492766 -1.91057916780937
"95" 3800000 29.1614540934678 6.57978359661681 -1.92091703666178
"96" 3840000 28.3610563935475 6.58433122436753 -1.93300380888269
"97" 3880000 27.705329849266 6.58883172559421 -1.94316288723601
"98" 3920000 27.2180436602506 6.59328606702046 -1.95086930592062
"99" 3960000 26.8469968191007 6.59769518592551 -1.95683050096484
"100" 4000000 26.3310632767892 6.60205999132796 -1.96525781556928
"101" 4040000 25.9388720632272 6.6063813651106 -1.97177512519436
"102" 4080000 25.4207608704113 6.61066016308988 -1.98053766700163
"103" 4120000 25.1263782505853 6.61489721603313 -1.98559631898757
"104" 4160000 25.0283410595939 6.61909333062674 -1.98729414786115
"105" 4200000 24.7712667949536 6.6232492903979 -1.99177799547015
"106" 4240000 24.5232444314189 6.62736585659273 -1.996148285393
"107" 4280000 24.3712313344045 6.63144376901317 -1.99884874023527
"108" 4320000 24.1204503412155 6.63548374681491 -2.00334080026474
"109" 4360000 23.7250289349821 6.63948648926859 -2.01051946154588
"110" 4400000 23.1607095628074 6.64345267648619 -2.0209743517929
"111" 4440000 22.3094079772123 6.64738297011462 -2.03723816670746
"112" 4480000 21.8820031204112 6.65127801399814 -2.04563913668136
"113" 4520000 21.7783305591946 6.65513843481138 -2.04770162691395
"114" 4560000 21.7400701546625 6.65896484266444 -2.04846527109996
"115" 4600000 21.6092249604962 6.66275783168157 -2.05108702161437
"116" 4640000 21.5317945114425 6.66651798055488 -2.0526459858334
"117" 4680000 21.2097418660167 6.67024585307412 -2.05919082935899
"118" 4720000 21.2781271627437 6.67394199863409 -2.05779281230909
"119" 4760000 21.3760940633023 6.67760695272049 -2.0557978604421
"120" 4800000 21.4210201919197 6.68124123737559 -2.05488606172584
"121" 4840000 21.3906857044455 6.68484536164441 -2.05550150567745
"122" 4880000 21.2917407727678 6.68841982200271 -2.05751504231822
"123" 4920000 21.0550768414891 6.69196510276736 -2.0623693815727
"124" 4960000 21.0307186516388 6.6954816764902 -2.06287209886714
"125" 5000000 21.077186545126 6.69897000433602 -2.06191357301196
"126" 5040000 21.0813976049183 6.70243053644553 -2.06182681298082
"127" 5080000 20.7183662137529 6.70586371228392 -2.06937070700542
"128" 5120000 20.300679360419 6.70926996097583 -2.07821564052754
"129" 5160000 19.5825479443473 6.71264970162721 -2.09385701380204
"130" 5200000 19.488497231291 6.7160033436348 -2.09594786058688
"131" 5240000 19.4500691807839 6.71933128698373 -2.09680506192948
"132" 5280000 19.4327056540688 6.72263392253381 -2.09719293981998
"133" 5320000 19.2235818322442 6.72591163229505 -2.1018919015555
"134" 5360000 18.9938231516335 6.72916478969277 -2.10711382226784
"135" 5400000 18.9074773226961 6.73239375982297 -2.10909262412682
"136" 5440000 19.1421744131531 6.73559889969818 -2.10373494334158
"137" 5480000 19.5003926521796 6.73878055848437 -2.09568285607777
"138" 5520000 19.7574386432353 6.7419390777292 -2.08999557039894
"139" 5560000 19.9544447603776 6.74507479158206 -2.08568656442236
"140" 5600000 19.9210034333215 6.7481880270062 -2.08641500198837
"141" 5640000 19.5068232245286 6.75127910398334 -2.09553966400168
"142" 5680000 19.1789820159388 6.75434833571102 -2.10290066039256
"143" 5720000 19.0876136371116 6.75739602879302 -2.10497457668822
"144" 5760000 19.2403005109503 6.76042248342321 -2.10151436138421
"145" 5800000 19.3958908128162 6.76342799356294 -2.09801648167593
"146" 5840000 19.5796018064274 6.7664128471124 -2.09392235707109
"147" 5880000 19.6886858838529 6.76937732607614 -2.09150948207516
"148" 5920000 19.511737861317 6.77232170672292 -2.0954302596777
"149" 5960000 19.3297613115885 6.77524625974024 -2.09949972101806
"150" 6000000 18.9620251205978 6.77815125038364 -2.10784149472273
"151" 6040000 18.7533154890594 6.78103693862113 -2.11264815244286
"152" 6080000 18.6131272402565 6.78390357927274 -2.11590686609544
"153" 6120000 18.328660441047 6.78675142214556 -2.12259548680872
"154" 6160000 18.2885686936404 6.78958071216443 -2.1235464944102
"155" 6200000 17.9007875522298 6.79239168949825 -2.13285407395218
"156" 6240000 17.9231651676096 6.79518458968242 -2.13231150534075
"157" 6280000 17.9554877700796 6.7979596437372 -2.13152900485415
"158" 6320000 17.9185359831243 6.80071707828238 -2.13242368915035
"159" 6360000 17.6230339228403 6.80345711564841 -2.13964553510545
"160" 6400000 17.5577829927801 6.80617997398389 -2.14125653529494
"161" 6440000 17.2838707476087 6.80888586735981 -2.14808520240333
"162" 6480000 17.2980448811451 6.81157500587059 -2.14772919272525
"163" 6520000 17.3967584600783 6.81424759573192 -2.14525787862784
"164" 6560000 17.5374885083883 6.81690383937566 -2.14175881284915
"165" 6600000 17.5260141520329 6.81954393554187 -2.14204305426534
"166" 6640000 17.2476053921426 6.82216807936802 -2.1489974049104
"167" 6680000 17.1496285845191 6.82477646247555 -2.15147149349619
"168" 6720000 17.1498815828378 6.82736927305382 -2.15146508665404
"169" 6760000 17.1783816125604 6.82994669594164 -2.15074396607675
"170" 6800000 17.2039588036155 6.83250891270624 -2.15009781838276
"171" 6840000 17.0424248580227 6.83505610172012 -2.15419482448867
"172" 6880000 16.987990155826 6.83758843823551 -2.1555842116555
"173" 6920000 16.7393324162781 6.84010609445676 -2.16198807846797
"174" 6960000 17.236604507958 6.84260923961056 -2.14927449540911
"175" 7000000 16.8208351246762 6.84509804001426 -2.15987865836082
"176" 7040000 17.142236325065 6.84757265914211 -2.15165873426293
"177" 7080000 16.8176644973661 6.85003325768977 -2.15996052800212
"178" 7120000 16.6842510573273 6.85247999363686 -2.16341949601317
"179" 7160000 16.5531945633595 6.85491302230786 -2.16684439260564
"180" 7200000 16.500423694587 6.85733249643127 -2.1682311162258
"181" 7240000 16.6831782310832 6.85973856619715 -2.16344742279854
"182" 7280000 16.7141625339826 6.86213137931304 -2.16264159123667
"183" 7320000 16.7988172869653 6.86451108105839 -2.16044750581179
"184" 7360000 16.7690135387645 6.8668778143375 -2.16121869694725
"185" 7400000 16.6322093828623 6.86923171973098 -2.16477626861943
"186" 7440000 16.5679178435433 6.87157293554588 -2.16645827998467
"187" 7480000 16.5924000623505 6.87390159786446 -2.16581700178614
"188" 7520000 16.8123303099773 6.87621784059164 -2.16009829835749
"189" 7560000 16.9520178315002 6.87852179550121 -2.15650481178097
"190" 7600000 17.077032363719 6.88081359228079 -2.15331381083051
"191" 7640000 16.7567448925283 6.88309335857569 -2.1615365543708
"192" 7680000 16.5132500064443 6.88536122003151 -2.16789365625128
"193" 7720000 16.7311717290404 6.88761730033574 -2.16219985546964
"194" 7760000 16.6214030065806 6.88986172125819 -2.16505853267537
"195" 7800000 16.6336676036574 6.89209460269048 -2.16473819373295
"196" 7840000 16.6167874415032 6.89431606268444 -2.16517914781294
"197" 7880000 16.6196046265714 6.89652621748955 -2.16510552442265
"198" 7920000 16.4819051754534 6.89872518158949 -2.16871880110394
"199" 7960000 16.3003405764734 6.90091306773767 -2.17352953373801
"200" 8000000 16.0712181431656 6.90308998699194 -2.17967741626811
"201" 8040000 15.8575920113112 6.90525604874845 -2.1854889723042
"202" 8080000 15.916342610302 6.90741136077459 -2.18388293324535
"203" 8120000 15.9226543264424 6.90955602924118 -2.18371074543852
"204" 8160000 15.8179988946337 6.91169015875386 -2.18657467145346
"205" 8200000 15.6144627437666 6.91381385238372 -2.19219916651871
"206" 8240000 15.3001195479147 6.91592721169712 -2.20103138810692
"207" 8280000 14.9977084529617 6.91803033678488 -2.20970130540493
"208" 8320000 14.9702934230709 6.92012332629072 -2.21049589955728
"209" 8360000 15.0948785224968 6.92220627743902 -2.20689658996384
"210" 8400000 15.2712932747445 6.92427928606188 -2.20185039474913
"211" 8440000 15.4680933822382 6.92634244662565 -2.19628942702706
"212" 8480000 15.5150107030381 6.92839585225671 -2.19497413279137
"213" 8520000 15.3850646522534 6.9304395947667 -2.19862688669832
"214" 8560000 15.1191672546236 6.93247376467715 -2.2061983408988
"215" 8600000 14.7660218455887 6.93449845124357 -2.21646270570611
"216" 8640000 14.6716670368542 6.93651374247889 -2.21924674987941
"217" 8680000 14.822025326846 6.93851972517649 -2.21481866128634
"218" 8720000 14.8219811314967 6.94051648493257 -2.21481995623926
"219" 8760000 14.8525780410116 6.94250410616808 -2.21392436930923
"220" 8800000 14.8772950431313 6.94448267215017 -2.21320223638437
"221" 8840000 14.5420633368776 6.94645226501307 -2.22310018046058
"222" 8880000 14.2784527459315 6.9484129657786 -2.23104506371506
"223" 8920000 14.2677082756151 6.95036485437612 -2.23137199134545
"224" 8960000 14.2247879755675 6.95230800966212 -2.23268041047497
"225" 9000000 14.4043855993589 6.95424250943933 -2.227231473574
"226" 9040000 14.8121290287495 6.95616843047536 -2.21510872576821
"227" 9080000 14.9125864238091 6.95808584852109 -2.2121732387313
"228" 9120000 14.8573675588107 6.95999483832842 -2.21378434473987
"229" 9160000 14.8069243438493 6.96189547366785 -2.21526135495099
"230" 9200000 14.5966983088022 6.96378782734556 -2.22147158039034
"231" 9240000 14.4075052427762 6.96567197122011 -2.22713742602021
"232" 9280000 14.3265136428915 6.96754797621886 -2.22958569461796
"233" 9320000 14.3348695926831 6.96941591235398 -2.2293324658775
"234" 9360000 14.354265129921 6.97127584873811 -2.22874524871945
"235" 9400000 14.5355808321107 6.9731278535997 -2.22329382173905
"236" 9440000 14.5718675050844 6.97497199429807 -2.22221099855094
"237" 9480000 14.6733564543449 6.97680833733807 -2.21919674448788
"238" 9520000 14.7912271250643 6.97863694838447 -2.21572200643092
"239" 9560000 14.8425039485094 6.9804578922761 -2.21421903917768
"240" 9600000 14.9265229076065 6.98227123303957 -2.21176756050658
"241" 9640000 14.9582830567986 6.98407703390283 -2.21084446515519
"242" 9680000 15.0408823286953 6.98587535730839 -2.20845289871095
"243" 9720000 15.2154013285757 6.98766626492627 -2.20344280030932
"244" 9760000 15.3082247358255 6.98944981766669 -2.20080138295315
"245" 9800000 15.2306357911504 6.9912260756925 -2.20300817930711
"246" 9840000 15.0335909282475 6.99299509843134 -2.20866348361562
"247" 9880000 14.9898520744999 6.99475694458763 -2.20992886522185
"248" 9920000 14.8896515841657 6.99651167215418 -2.21284167687103
"249" 9960000 14.9228499263597 6.9982593384237 -2.21187444084236
"250" 10000000 14.9289514256268 7 -2.21169690733484
"251" 10040000 14.7986796364589 7.001733712809 -2.21550324368391
"252" 10080000 14.811912688499 7.00346053210951 -2.21511506895243
"253" 10120000 15.0456617296926 7.00518051250378 -2.20831491892216
"254" 10160000 15.173395610111 7.0068937079479 -2.20464343114662
"255" 10200000 15.1524080003861 7.00860017176192 -2.20524455648952
"256" 10240000 15.066360904534 7.01029995663981 -2.20771784585678
"257" 10280000 14.7718289377764 7.01199311465926 -2.21629194256264
"258" 10320000 14.4980670175144 7.01367969729119 -2.22441610935685
"259" 10360000 14.4179168725749 7.01535975540921 -2.22682369506788
"260" 10400000 14.3291428303743 7.01703333929878 -2.22950600064062
"261" 10440000 14.0855993005949 7.01870049866624 -2.23695088264917
"262" 10480000 14.1760157083317 7.02036128264771 -2.23417202652838
"263" 10520000 14.0949015444355 7.02201573981772 -2.23666416572116
"264" 10560000 14.0621846738315 7.02366391819779 -2.23767341523319
"265" 10600000 14.111968264677 7.02530586526477 -2.23613862117264
"266" 10640000 14.0066962864332 7.02694162795903 -2.23939050056217
"267" 10680000 13.8205093786846 7.02857125269254 -2.24520216230539
"268" 10720000 13.6024440438688 7.03019478535675 -2.25210926427777
"269" 10760000 13.1974000615072 7.03181227133037 -2.2652378303583
"270" 10800000 12.8969932190253 7.03342375548695 -2.27523774081634
"271" 10840000 12.7274845242545 7.03502928220237 -2.28098363467244
"272" 10880000 12.4939772237994 7.03662889536216 -2.28902550240693
"273" 10920000 12.3257793859627 7.03822263836872 -2.29491182210337
"274" 10960000 12.4849380966426 7.03981055414835 -2.28933981895482
"275" 11000000 12.5749259954356 7.04139268515823 -2.28622077443632
"276" 11040000 12.643081014929 7.04296907339318 -2.28387329147029
"277" 11080000 12.6264348848442 7.04453976039241 -2.28444546891249
"278" 11120000 12.4314798790122 7.04610478724604 -2.29120338093033
"279" 11160000 12.157040467123 7.04766419460156 -2.30089834997468
"280" 11200000 12.0729080032443 7.04921802267018 -2.30391432103204
"281" 11240000 12.0902430866111 7.05076631123304 -2.30329117942993
"282" 11280000 12.2452854599654 7.05230909964732 -2.29775729853374
"283" 11320000 12.3222664707641 7.05384642685225 -2.29503561607108
"284" 11360000 12.3307829772122 7.055378331375 -2.29473555810783
"285" 11400000 12.2194741253363 7.05690485133647 -2.29867369620527
"286" 11440000 12.0822493233939 7.05842602445701 -2.30357841893527
"287" 11480000 11.9800384653647 7.05994188806195 -2.30726799982685
"288" 11520000 11.9465740297626 7.06145247908719 -2.30848283366107
"289" 11560000 11.8199230629598 7.06295783408451 -2.31311156262093
"290" 11600000 11.6157865750305 7.06445798922692 -2.32067758847682
"291" 11640000 11.4828613409361 7.06595298031387 -2.32567609169217
"292" 11680000 11.4448385257043 7.06744284277638 -2.32711654268166
"293" 11720000 11.2450813693877 7.06892761168207 -2.33476360997285
"294" 11760000 11.2858562444409 7.07040732174012 -2.33319169824226
"295" 11800000 11.2899406735234 7.07188200730613 -2.33303455251332
"296" 11840000 11.2826927441917 7.0733517023869 -2.33331345092662
"297" 11880000 11.1526911870052 7.07481644064517 -2.33834653536156
"298" 11920000 11.141561509475 7.07627625540422 -2.33878015006971
"299" 11960000 11.0087665806414 7.07773117965239 -2.34398754885391
"300" 12000000 10.7808034556207 7.07918124604763 -2.35307508380247
"301" 12040000 10.7696446592495 7.08062648692181 -2.35352483817379
"302" 12080000 10.6878553525132 7.08206693428511 -2.35683564480107
"303" 12120000 10.6887483109894 7.08350261983027 -2.35679936149385
"304" 12160000 10.8032358827202 7.08493357493672 -2.35217235353405
"305" 12200000 10.6735361259455 7.08635983067475 -2.35741788795889
"306" 12240000 10.5653534066364 7.08778141780954 -2.36184218371052
"307" 12280000 10.5327715250423 7.08919836680515 -2.36318354865939
"308" 12320000 10.5619136056567 7.09061070782841 -2.36198360158503
"309" 12360000 10.5311096423437 7.0920184707528 -2.36325207795665
"310" 12400000 10.5478936398841 7.09342168516223 -2.36256047039258
"311" 12440000 10.2405414537911 7.0948203803548 -2.37540329237159
"312" 12480000 10.2220140772207 7.0962145853464 -2.37618973760276
"313" 12520000 10.0552967841464 7.09760432887441 -2.38333131889731
"314" 12560000 9.74323007356085 7.09898963940118 -2.39702325434616
"315" 12600000 9.62423177488668 7.10037054511756 -2.4023601389858
"316" 12640000 9.42683746362344 7.10174707394637 -2.4113601932162
"317" 12680000 9.40292012594597 7.10311925354571 -2.41246346534404
"318" 12720000 9.70244131442058 7.10448711131239 -2.39884518773636
"319" 12760000 9.82001682542717 7.10585067438514 -2.39361398041057
"320" 12800000 9.88149882473701 7.10720996964787 -2.39090338898308
"321" 12840000 9.90927556798977 7.10856502373283 -2.38968430639423
"322" 12880000 9.860748389679 7.10991586302379 -2.39181633497788
"323" 12920000 9.90050448617595 7.11126251365907 -2.39006888741135
"324" 12960000 9.98002891882066 7.11260500153457 -2.38659441257907
"325" 13000000 10.1627636063585 7.11394335230684 -2.37871438863503
"326" 13040000 9.86870548687931 7.1152775913959 -2.39146602385269
"327" 13080000 9.71064718459142 7.11660774398825 -2.39847803705379
"328" 13120000 9.50827861981602 7.11793383503964 -2.40762431299424
"329" 13160000 9.64732807012638 7.11925588927794 -2.40131916477738
"330" 13200000 9.80082434669886 7.12057393120585 -2.3944636066005
"331" 13240000 9.81557371288963 7.12188798510368 -2.39381052344671
"332" 13280000 9.94291363922278 7.123198075032 -2.38821254501347
"333" 13320000 9.88534010804556 7.12450422483428 -2.39073459637329
"334" 13360000 9.88805093755921 7.12580645813953 -2.39061551732369
"335" 13400000 9.83433361050422 7.12710479836481 -2.39298127551629
"336" 13440000 9.87557711977726 7.12839926871781 -2.39116372749387
"337" 13480000 9.75968949409557 7.1296898921993 -2.39629021156394
"338" 13520000 9.64709117360726 7.13097669160562 -2.40132982929645
"339" 13560000 9.50715270956023 7.13225968953104 -2.40767574244681
"340" 13600000 9.27105782046784 7.13353890837022 -2.41859692267653
"341" 13640000 9.1196770339358 7.13481437032046 -2.42574675390072
"342" 13680000 9.06780550733245 7.1360860973841 -2.42822401580893
"343" 13720000 8.98296722442684 7.13735411137073 -2.43230639720827
"344" 13760000 8.96577930802169 7.13861843389949 -2.43313816777436
"345" 13800000 8.94644945740127 7.13987908640124 -2.43407549956362
"346" 13840000 8.92247807838494 7.14113609012074 -2.435240722698
"347" 13880000 8.97472010569272 7.14238946611884 -2.43270529917641
"348" 13920000 9.03113422451325 7.14363923527454 -2.42998391531714
"349" 13960000 8.97227837029543 7.14488541828714 -2.43282347294427
"350" 14000000 8.99757008801642 7.14612803567824 -2.43160097396523
"351" 14040000 9.03121113039649 7.14736710779379 -2.42998021703765
"352" 14080000 9.02497195744474 7.14860265480609 -2.43028035117777
"353" 14120000 8.9370478859174 7.14983469671578 -2.43453212736012
"354" 14160000 8.78249877413454 7.15106325335375 -2.4421081144649
"355" 14200000 8.5896253512046 7.15228834438306 -2.4517519904406
"356" 14240000 8.40481347630395 7.15350998930084 -2.46119813250122
"357" 14280000 8.16864787453192 7.15472820744016 -2.47357603695587
"358" 14320000 8.00990995579103 7.15594301797184 -2.48209857836338
"359" 14360000 7.90025559625989 7.15715443990628 -2.48808507010182
"360" 14400000 7.76325660408816 7.15836249209525 -2.49568227088467
"361" 14440000 7.62761461602432 7.15956719323362 -2.50333747003902
"362" 14480000 7.39284364929654 7.16076856186113 -2.51691469087716
"363" 14520000 7.08209858745354 7.16196661636407 -2.53556424418196
"364" 14560000 6.98706515761366 7.16316137497702 -2.54143141903983
"365" 14600000 6.95043119900336 7.16435285578444 -2.54371446361353
"366" 14640000 6.89051497077443 7.16554107672237 -2.54747453167834
"367" 14680000 7.05284804230494 7.16672605558005 -2.53736168549062
"368" 14720000 7.06780350646518 7.16790781000148 -2.53644174522225
"369" 14760000 7.02477885188311 7.16908635748702 -2.53909355560735
"370" 14800000 6.88285930978553 7.17026171539496 -2.54795731993305
"371" 14840000 6.74755314497049 7.17143390094301 -2.55657989848463
"372" 14880000 6.6449531291895 7.17260293120986 -2.56323429035791
"373" 14920000 6.50611177393246 7.17376882313665 -2.57240469219208
"374" 14960000 6.40438994537265 7.17493159352844 -2.57924844528256
"375" 15000000 6.3381150021839 7.17609125905568 -2.58376609731037
"376" 15040000 6.27069073152185 7.17724783625562 -2.58841083027251
"377" 15080000 6.18042283445613 7.17840134153376 -2.59470802388953
"378" 15120000 6.14096781051605 7.17955179116519 -2.59748939138956
"379" 15160000 6.10586221840477 7.18069920129603 -2.59997921229187
"380" 15200000 6.04593847054074 7.18184358794477 -2.60426248925652
"381" 15240000 6.0209677477214 7.18298496700358 -2.60605991146454
"382" 15280000 5.94883593552749 7.18412335423967 -2.61129422073874
"383" 15320000 5.85506778803856 7.18525876529659 -2.61819428475455
"384" 15360000 5.77062395535806 7.18639121569549 -2.62450343802449
"385" 15400000 5.73573933692329 7.18752072083646 -2.62713680589637
"386" 15440000 5.77367610683542 7.18864729599972 -2.62427379524524
"387" 15480000 5.66570634711443 7.18977095634687 -2.6324721509735
"388" 15520000 5.60420373528445 7.19089171692217 -2.63721229706281
"389" 15560000 5.57872544189635 7.19200959265367 -2.63919122426459
"390" 15600000 5.63012435072666 7.19312459835446 -2.63520822523158
"391" 15640000 5.64602140326925 7.19423674872383 -2.6339836921469
"392" 15680000 5.72545287541083 7.19534605834842 -2.62791636784593
"393" 15720000 5.87326607367547 7.19645254170339 -2.61684653639264
"394" 15760000 5.93911604224584 7.19755621315354 -2.6120044014268
"395" 15800000 5.87144488524802 7.19865708695442 -2.6169812237585
"396" 15840000 5.78880856599898 7.19975517725347 -2.62313702448176
"397" 15880000 5.67727040834386 7.20085049809108 -2.6315866321492
"398" 15920000 5.5825299200363 7.20194306340165 -2.6388951529226
"399" 15960000 5.4517042348947 7.20303288701471 -2.64919392579245
"400" 16000000 5.44879289980231 7.20411998265593 -2.64942591095424
"401" 16040000 5.4679127887434 7.20520436394814 -2.64790463320082
"402" 16080000 5.41635874333992 7.20628604441243 -2.65201879092139
"403" 16120000 5.4209368204002 7.20736503746907 -2.65165186658836
"404" 16160000 5.50558886679816 7.20844135643857 -2.64492243524671
"405" 16200000 5.56152268548741 7.20951501454263 -2.64053249925863
"406" 16240000 5.53804771028362 7.21058602490516 -2.64236951943709
"407" 16280000 5.53583701002267 7.21165440055318 -2.64254291747427
"408" 16320000 5.66042295289739 7.21272015441784 -2.63287732895794
"409" 16360000 5.68724371225854 7.2137832993353 -2.63082437308164
"410" 16400000 5.62076933347739 7.2148438480477 -2.6359304493357
"411" 16440000 5.62497645330064 7.21590181320403 -2.63560550352173
"412" 16480000 5.63970213677583 7.2169572073611 -2.63447004516536
"413" 16520000 5.71958242826529 7.21801004298436 -2.62836188906235
"414" 16560000 5.75008284574662 7.21906033244886 -2.62605211036962
"415" 16600000 5.79813554989476 7.22010808804005 -2.62243784815484
"416" 16640000 5.87554551654284 7.2211533219547 -2.6166780173107
"417" 16680000 5.93709882528243 7.22219604630172 -2.61215193432582
"418" 16720000 5.96982678194685 7.223236273103 -2.60976448230887
"419" 16760000 5.98280407708535 7.22427401429426 -2.60882143136892
"420" 16800000 6.03960137620636 7.22530928172586 -2.60471793690518
"421" 16840000 6.02761971616197 7.22634208716363 -2.6055803675363
"422" 16880000 6.09095456329028 7.22737244228964 -2.60104085250411
"423" 16920000 6.10783617089142 7.228400358703 -2.59983883275201
"424" 16960000 6.17548422254952 7.2294258479207 -2.59505519581363
"425" 17000000 6.15032502279297 7.23044892137827 -2.59682814501002
"426" 17040000 6.00003918543067 7.23146959043068 -2.6075721255995
"427" 17080000 5.91177663589097 7.23248786635299 -2.61400819552136
"428" 17120000 5.81030839148464 7.23350376034113 -2.6215270284281
"429" 17160000 5.70240904435138 7.23451728351269 -2.62966784547239
"430" 17200000 5.69920888490181 7.23552844690755 -2.62991163747372
"431" 17240000 5.78273576967178 7.23653726148869 -2.62359286375442
"432" 17280000 5.91998349354764 7.23754373814287 -2.61340571651119
"433" 17320000 6.02299052266534 7.23854788768133 -2.60591403251265
"434" 17360000 6.03572891142641 7.23954972084047 -2.60499648665957
"435" 17400000 6.02979468150311 7.2405492482826 -2.60542368793236
"436" 17440000 5.90769309303025 7.24154648059655 -2.61430828685241
"437" 17480000 5.90357470259546 7.24254142829838 -2.61461114922816
"438" 17520000 5.96011197851647 7.24353410183206 -2.61047179297323
"439" 17560000 5.96599572849978 7.24452451157008 -2.61004327422751
"440" 17600000 5.91495672325225 7.24551266781415 -2.6137746408475
"441" 17640000 5.82543631433552 7.2464985807958 -2.62039775354545
"442" 17680000 5.73874702736943 7.24748226067705 -2.62690913149728
"443" 17720000 5.64074685668311 7.24846371755103 -2.63438960225171
"444" 17760000 5.50046443264409 7.24944296144258 -2.64532685153951
"445" 17800000 5.52218859674341 7.25042000230889 -2.64361497749559
"446" 17840000 5.47489270929258 7.2513948500401 -2.64735059952266
"447" 17880000 5.57456495806454 7.2523675144599 -2.63951523183352
"448" 17920000 5.60268840936907 7.25333800532611 -2.63732974223474
"449" 17960000 5.62077832254203 7.25430633233129 -2.635929754787
"450" 18000000 5.64969032195291 7.25527250510331 -2.63370156894233
"451" 18040000 5.68605197635999 7.25623653320592 -2.63091538703937
"452" 18080000 5.73064437143955 7.25719842613934 -2.62752275417736
"453" 18120000 5.65710999000137 7.25815819334079 -2.63313158959104
"454" 18160000 5.67745538208793 7.25911584418507 -2.63157248243254
"455" 18200000 5.66697600354861 7.26007138798508 -2.63237483865705
"456" 18240000 5.68262618530745 7.2610248339924 -2.63117712409871
"457" 18280000 5.69590953034615 7.26197619139781 -2.63016312964171
"458" 18320000 5.69420924780848 7.26292546933183 -2.63029278998041
"459" 18360000 5.66792006709002 7.26387267686522 -2.63230249541103
"460" 18400000 5.63864624002565 7.26481782300954 -2.63455136383332
"461" 18440000 5.60305490450973 7.26576091671761 -2.63730133415634
"462" 18480000 5.60566078562125 7.26670196688409 -2.63709939847719
"463" 18520000 5.48048163819411 7.26764098234592 -2.64690748528206
"464" 18560000 5.39291026811707 7.26857797188284 -2.65390301812705
"465" 18600000 5.27833435544416 7.26951294421792 -2.6632293152237
"466" 18640000 5.23966029145233 7.27044590801796 -2.66642308149609
"467" 18680000 5.18939978240857 7.27137687189407 -2.67060908302837
"468" 18720000 5.17134663913622 7.27230584440209 -2.67212256248633
"469" 18760000 5.16226097849481 7.27323283404305 -2.67288625575664
"470" 18800000 5.18929732612941 7.27415784926368 -2.67061765755294
"471" 18840000 5.27469101465442 7.27508089845686 -2.66352918806738
"472" 18880000 5.4245684583457 7.27600198996205 -2.65136101792093
"473" 18920000 5.42098699421944 7.27692113206577 -2.65164784696726
"474" 18960000 5.36699128509419 7.27783833300205 -2.65599532222852
"475" 19000000 5.3221152207227 7.27875360095283 -2.65964193976792
"476" 19040000 5.42617054416318 7.27966694404846 -2.65123277282445
"477" 19080000 5.43115008737297 7.28057837036808 -2.65083440782015
"478" 19120000 5.30034511751717 7.28148788794008 -2.66142206388771
"479" 19160000 5.39740497412261 7.28239550474253 -2.65354120735785
"480" 19200000 5.29484477698895 7.28330122870355 -2.66187297940283
"481" 19240000 5.25615148155748 7.28420506770179 -2.66505833927104
"482" 19280000 5.21809722563294 7.28510702956681 -2.66821404552532
"483" 19320000 5.17096116739688 7.28600712207947 -2.67215493596671
"484" 19360000 5.072155247533 7.28690535297237 -2.6805336744325
"485" 19400000 5.01668868927083 7.28780172993023 -2.68530906059984
"486" 19440000 5.10996953103141 7.28869626059026 -2.67730790171423
"487" 19480000 5.18160710950929 7.2895889525426 -2.67126173238279
"488" 19520000 5.25596805330211 7.29047981333067 -2.6650734954684
"489" 19560000 5.32060727326134 7.29136885045158 -2.65976500851583
"490" 19600000 5.37125812007837 7.29225607135648 -2.65565018906641
"491" 19640000 5.32899419086409 7.29314148345093 -2.65908096549312
"492" 19680000 5.26109998734246 7.29402509409532 -2.66464965665638
"493" 19720000 5.16812573878912 7.29490691060519 -2.67239314095332
"494" 19760000 5.04234876707667 7.29578694025161 -2.68309333083098
"495" 19800000 4.96117505455931 7.29666519026153 -2.69014166096658
"496" 19840000 4.92235480064098 7.29754166781816 -2.69355329810626
"497" 19880000 4.91035600991319 7.29841638006129 -2.69461323189047
"498" 19920000 4.98911310806763 7.29928933408768 -2.68770286237901
"499" 19960000 5.03556702329188 7.30016053695135 -2.68367783151729
"500" 20000000 5.06812151234115 7.30102999566398 -2.68087919340977
"501" 20040000 5.12503695340342 7.30189771719521 -2.67602921114773
"502" 20080000 5.22017968872952 7.30276370847298 -2.66804075979032
"503" 20120000 5.24961891518739 7.30362797638389 -2.66559843443507
"504" 20160000 5.22941363767887 7.30449052777349 -2.66727321717054
"505" 20200000 5.18838136267272 7.30535136944662 -2.67069432168716
"506" 20240000 5.13588545092894 7.30621050816776 -2.67511088349996
"507" 20280000 5.03128018274578 7.3070679506613 -2.68404770924929
"508" 20320000 4.99956729993281 7.30792370361188 -2.68679379345056
"509" 20360000 4.93425721627942 7.30877777366472 -2.69250442737122
"510" 20400000 4.90150508895879 7.3096301674259 -2.69539675443204
"511" 20440000 4.91326191682791 7.31048089146268 -2.69435629612928
"512" 20480000 4.93719625565499 7.31132995230379 -2.69224582135656
"513" 20520000 4.89665748795166 7.31217735643978 -2.69582648531742
"514" 20560000 4.95475940853854 7.31302311032324 -2.69070364129507
"515" 20600000 5.056642025721 7.31386722036915 -2.68186400254862
"516" 20640000 5.22173822607212 7.31470969295517 -2.66791111614089
"517" 20680000 5.35792167234085 7.3155505344219 -2.65672985195875
"518" 20720000 5.57613037686961 7.3163897510732 -2.63939329275565
"519" 20760000 5.7303910126216 7.31722734917642 -2.62754195529365
"520" 20800000 5.82142438632456 7.31806333496276 -2.6206969514685
"521" 20840000 5.94655654933122 7.31889771462749 -2.6114606591073
"522" 20880000 6.01385589385231 7.31973049433022 -2.60657319513914
"523" 20920000 5.9382992176618 7.32056168019524 -2.61206413536761
"524" 20960000 5.92327700970547 7.32139127831169 -2.61316416885126
"525" 21000000 5.796587362785 7.32221929473392 -2.62255382662673
"526" 21040000 5.77119152844047 7.3230457354817 -2.62446072483811
"527" 21080000 5.64475817066905 7.32387060654051 -2.63408087143312
"528" 21120000 5.67984495686535 7.32469391386177 -2.63138973140469
"529" 21160000 5.68518866259294 7.32551566336315 -2.63098133101467
"530" 21200000 5.72531277449973 7.32633586092875 -2.62792699509209
"531" 21240000 5.85339692351274 7.32715451240943 -2.61831823734208
"532" 21280000 6.0468848051273 7.32797162362301 -2.60419451705839
"533" 21320000 6.24584824895742 7.32878720035453 -2.59013478403935
"534" 21360000 6.39688554822947 7.32960124835652 -2.57975763183108
"535" 21400000 6.42941612040545 7.33041377334919 -2.57755467751942
"536" 21440000 6.41467843942111 7.33122478102073 -2.57855132174477
"537" 21480000 6.37722082812454 7.33203427702752 -2.58109475646813
"538" 21520000 6.31553949847667 7.33284226699435 -2.58531575667374
"539" 21560000 6.2546794886586 7.3336487565147 -2.58952115245689
"540" 21600000 6.24590913472284 7.33445375115093 -2.59013055047139
"541" 21640000 6.24155331584906 7.33525725643453 -2.59043352766716
"542" 21680000 6.14858702604597 7.33605927786635 -2.59695088796465
"543" 21720000 6.10687037781326 7.33685982091681 -2.59990751039133
"544" 21760000 6.03305607885627 7.33765889102614 -2.60518885009238
"545" 21800000 5.92414613105904 7.33845649360461 -2.61310044957591
"546" 21840000 5.9326892859363 7.3392526340327 -2.61247460877897
"547" 21880000 5.9196173585746 7.34004731766139 -2.61343257728133
"548" 21920000 5.88664175846373 7.34084054981233 -2.6158586054185
"549" 21960000 5.71716357946026 7.34163233577805 -2.628545593886
"550" 22000000 5.77337371943759 7.34242268082221 -2.6242965413458
"551" 22040000 5.73618952333349 7.34321159017975 -2.62710272035134
"552" 22080000 5.65266380108756 7.34399906905716 -2.6334730562633
"553" 22120000 5.67881153524214 7.34478512263266 -2.63146875647425
"554" 22160000 5.66954552287059 7.34556975605639 -2.63217796555463
"555" 22200000 5.71697018354343 7.34635297445064 -2.62856028512213
"556" 22240000 5.64362551732554 7.34713478291002 -2.63416802387447
"557" 22280000 5.5804481615061 7.34791518650169 -2.63905713411546
"558" 22320000 5.50876175622728 7.34869419026554 -2.64467222196478
"559" 22360000 5.32152569360684 7.34947179921439 -2.65969004893952
"560" 22400000 5.27140382590207 7.35024801833416 -2.66379992486691
"561" 22440000 5.18445753575374 7.35102285258412 -2.67102289065016
"562" 22480000 5.20157478969774 7.35179630689702 -2.66959136503363
"563" 22520000 5.1883369393707 7.35256838617931 -2.6706980401643
"564" 22560000 5.1167100995787 7.3533390953113 -2.67673540071594
"565" 22600000 5.06465675150622 7.3541084391474 -2.68117619518583
"566" 22640000 5.01501926648891 7.35487642251623 -2.68545360649612
"567" 22680000 5.00233767355104 7.35564305022087 -2.68655320768031
"568" 22720000 5.07871721890162 7.35640832703898 -2.67997218016445
"569" 22760000 5.12658889521414 7.35717225772303 -2.6758977198546
"570" 22800000 5.15317980428581 7.35793484700045 -2.67365091622052
"571" 22840000 5.13971759478675 7.35869609957381 -2.67478695525924
"572" 22880000 5.0404491212138 7.35945602012099 -2.68325697702021
"573" 22920000 4.86560185014933 7.36021461329535 -2.69858964436899
"574" 22960000 4.77591823813555 7.36097188372594 -2.70666932907775
"575" 23000000 4.6957981482195 7.36172783601759 -2.71401679208539
"576" 23040000 4.65235166644185 7.36248247475117 -2.71805367714286
"577" 23080000 4.65398528333702 7.36323580448369 -2.71790120666726
"578" 23120000 4.76264805721591 7.36398782974849 -2.7078777224331
"579" 23160000 4.7149388339011 7.3647385550554 -2.71225014922843
"580" 23200000 4.70836405238778 7.3654879848909 -2.71285617703603
"581" 23240000 4.83672357870024 7.36623612371829 -2.70117494437062
"582" 23280000 4.94246531947627 7.36698297597785 -2.69178258169153
"583" 23320000 5.02472028594692 7.36772854608698 -2.68461432167032
"584" 23360000 5.13115255376542 7.36847283844036 -2.67551128549831
"585" 23400000 5.39986852595963 7.36921585741014 -2.65334302640277
"586" 23440000 5.56839876685127 7.36995760734605 -2.6399958836884
"587" 23480000 5.62584654289142 7.37069809257558 -2.63553833063866
"588" 23520000 5.67668175431955 7.3714373174041 -2.63163166478472
"589" 23560000 5.72401199005818 7.37217528611506 -2.62802567750684
"590" 23600000 5.75164519299026 7.37291200297011 -2.62593412483064
"591" 23640000 5.8566040495765 7.37364747220922 -2.6180803488585
"592" 23680000 5.90285801475429 7.37438169805088 -2.61466387532799
"593" 23720000 5.81606834769172 7.37511468469222 -2.62109671080507
"594" 23760000 5.82266909032197 7.37584643630916 -2.62060410300746
"595" 23800000 5.79291429226577 7.37657695705651 -2.6228291092677
"596" 23840000 5.73976483519664 7.3773062510682 -2.62683211309464
"597" 23880000 5.70083519066846 7.37803432245733 -2.62978772643961
"598" 23920000 5.52229016972161 7.37876117531637 -2.64360698932613
"599" 23960000 5.41011698364411 7.37948681371727 -2.65251955629729
"600" 24000000 5.38099257437506 7.38021124171161 -2.65486381957772
"601" 24040000 5.32727980815067 7.3809344633307 -2.65922070419706
"602" 24080000 5.30685428452344 7.38165648258579 -2.66088904936421
"603" 24120000 5.20596585025332 7.38237730346811 -2.66922489738327
"604" 24160000 5.05711147500881 7.38309692994909 -2.68182368532409
"605" 24200000 5.00630007684241 7.38381536598043 -2.68620933471431
"606" 24240000 4.99576590120641 7.38453261549425 -2.68712413292735
"607" 24280000 5.0207064645556 7.38524868240322 -2.6849613812065
"608" 24320000 4.99946881190787 7.3859635706007 -2.68680234883636
"609" 24360000 4.93832945278941 7.38667728396084 -2.6921461524824
"610" 24400000 4.8754571319521 7.38738982633873 -2.69771087010579
"611" 24440000 4.80747320836763 7.38810120157052 -2.70380933967825
"612" 24480000 4.70431752153628 7.38881141347352 -2.71322958521183
"613" 24520000 4.57831815199388 7.38952046584638 -2.72502024335664
"614" 24560000 4.34395516738391 7.39022836246913 -2.74784087792487
"615" 24600000 4.26415691306518 7.39093510710338 -2.75589303476597
"616" 24640000 4.14555842467557 7.39164070349239 -2.76814317213531
"617" 24680000 3.95978586982186 7.3923451553612 -2.78805451074531
"618" 24720000 3.72791027832876 7.39304846641678 -2.81426076090686
"619" 24760000 3.57563995954862 7.39375064034808 -2.83237243022111
"620" 24800000 3.3098830267036 7.39445168082622 -2.86591356649639
"621" 24840000 3.19043998241191 7.39515159150454 -2.88187563309059
"622" 24880000 3.03836780096664 7.39585037601878 -2.90308586731845
"623" 24920000 2.99704848812157 7.39654803798713 -2.90903244302018
"624" 24960000 2.83177741974215 7.39724458101039 -2.93366709788848
"625" 25000000 NA 7.39794000867204 NA
"626" 25040000 NA 7.39863432453839 NA
"627" 25080000 NA 7.39932753215868 NA
"628" 25120000 NA 7.40001963506516 NA
"629" 25160000 NA 7.40071063677323 NA
"630" 25200000 NA 7.40140054078154 NA
"631" 25240000 NA 7.4020893505721 NA
"632" 25280000 NA 7.40277706961035 NA
"633" 25320000 NA 7.40346370134532 NA
"634" 25360000 NA 7.40414924920969 NA
"635" 25400000 NA 7.40483371661994 NA
"636" 25440000 NA 7.40551710697638 NA
"637" 25480000 NA 7.40619942366331 NA
"638" 25520000 NA 7.40688067004912 NA
"639" 25560000 NA 7.40756084948636 NA
"640" 25600000 NA 7.40823996531185 NA
"641" 25640000 NA 7.40891802084678 NA
"642" 25680000 NA 7.40959501939682 NA
"643" 25720000 NA 7.41027096425218 NA
"644" 25760000 NA 7.41094585868777 NA
"645" 25800000 NA 7.41161970596323 NA
"646" 25840000 NA 7.41229250932305 NA
"647" 25880000 NA 7.41296427199666 NA
"648" 25920000 NA 7.41363499719856 NA
"649" 25960000 NA 7.41430468812833 NA
"650" 26000000 NA 7.41497334797082 NA
"651" 26040000 NA 7.41564097989615 NA
"652" 26080000 NA 7.41630758705988 NA
"653" 26120000 NA 7.41697317260304 NA
"654" 26160000 NA 7.41763773965223 NA
"655" 26200000 NA 7.41830129131975 NA
"656" 26240000 NA 7.41896383070362 NA
"657" 26280000 NA 7.41962536088774 NA
"658" 26320000 NA 7.42028588494192 NA
"659" 26360000 NA 7.42094540592197 NA
"660" 26400000 NA 7.42160392686983 NA
"661" 26440000 NA 7.4222614508136 NA
"662" 26480000 NA 7.42291798076766 NA
"663" 26520000 NA 7.42357351973274 NA
"664" 26560000 NA 7.42422807069598 NA
"665" 26600000 NA 7.42488163663107 NA
"666" 26640000 NA 7.42553422049826 NA
"667" 26680000 NA 7.42618582524451 NA
"668" 26720000 NA 7.42683645380351 NA
"669" 26760000 NA 7.42748610909579 NA
"670" 26800000 NA 7.42813479402879 NA
"671" 26840000 NA 7.42878251149695 NA
"672" 26880000 NA 7.42942926438179 NA
"673" 26920000 NA 7.43007505555194 NA
"674" 26960000 NA 7.43071988786328 NA
"675" 27000000 NA 7.43136376415899 NA
"676" 27040000 NA 7.4320066872696 NA
"677" 27080000 NA 7.43264866001311 NA
"678" 27120000 NA 7.43328968519503 NA
"679" 27160000 NA 7.43392976560846 NA
"680" 27200000 NA 7.4345689040342 NA
"681" 27240000 NA 7.43520710324075 NA
"682" 27280000 NA 7.43584436598444 NA
"683" 27320000 NA 7.43648069500949 NA
"684" 27360000 NA 7.43711609304808 NA
"685" 27400000 NA 7.43775056282039 NA
"686" 27440000 NA 7.43838410703471 NA
"687" 27480000 NA 7.43901672838751 NA
"688" 27520000 NA 7.43964842956347 NA
"689" 27560000 NA 7.44027921323559 NA
"690" 27600000 NA 7.44090908206522 NA
"691" 27640000 NA 7.44153803870216 NA
"692" 27680000 NA 7.44216608578472 NA
"693" 27720000 NA 7.44279322593977 NA
"694" 27760000 NA 7.44341946178282 NA
"695" 27800000 NA 7.44404479591808 NA
"696" 27840000 NA 7.44466923093852 NA
"697" 27880000 NA 7.44529276942597 NA
"698" 27920000 NA 7.44591541395112 NA
"699" 27960000 NA 7.44653716707364 NA
"700" 28000000 NA 7.44715803134222 NA
"701" 28040000 NA 7.44777800929462 NA
"702" 28080000 NA 7.44839710345777 NA
"703" 28120000 NA 7.44901531634779 NA
"704" 28160000 NA 7.44963265047007 NA
"705" 28200000 NA 7.45024910831936 NA
"706" 28240000 NA 7.45086469237977 NA
"707" 28280000 NA 7.45147940512486 NA
"708" 28320000 NA 7.45209324901773 NA
"709" 28360000 NA 7.45270622651103 NA
"710" 28400000 NA 7.45331834004704 NA
"711" 28440000 NA 7.45392959205773 NA
"712" 28480000 NA 7.45453998496482 NA
"713" 28520000 NA 7.45514952117983 NA
"714" 28560000 NA 7.45575820310414 NA
"715" 28600000 NA 7.45636603312904 NA
"716" 28640000 NA 7.45697301363582 NA
"717" 28680000 NA 7.45757914699576 NA
"718" 28720000 NA 7.45818443557026 NA
"719" 28760000 NA 7.45878888171084 NA
"720" 28800000 NA 7.45939248775923 NA
"721" 28840000 NA 7.45999525604739 NA
"722" 28880000 NA 7.4605971888976 NA
"723" 28920000 NA 7.46119828862249 NA
"724" 28960000 NA 7.46179855752511 NA
"725" 29000000 NA 7.46239799789896 NA
"726" 29040000 NA 7.46299661202806 NA
"727" 29080000 NA 7.463594402187 NA
"728" 29120000 NA 7.464191370641 NA
"729" 29160000 NA 7.46478751964594 NA
"730" 29200000 NA 7.46538285144842 NA
"731" 29240000 NA 7.46597736828582 NA
"732" 29280000 NA 7.46657107238635 NA
"733" 29320000 NA 7.46716396596909 NA
"734" 29360000 NA 7.46775605124403 NA
"735" 29400000 NA 7.46834733041216 NA
"736" 29440000 NA 7.46893780566546 NA
"737" 29480000 NA 7.46952747918701 NA
"738" 29520000 NA 7.470116353151 NA
"739" 29560000 NA 7.47070442972279 NA
"740" 29600000 NA 7.47129171105894 NA
"741" 29640000 NA 7.47187819930729 NA
"742" 29680000 NA 7.47246389660699 NA
"743" 29720000 NA 7.47304880508854 NA
"744" 29760000 NA 7.47363292687384 NA
"745" 29800000 NA 7.47421626407626 NA
"746" 29840000 NA 7.47479881880063 NA
"747" 29880000 NA 7.47538059314336 NA
"748" 29920000 NA 7.47596158919242 NA
"749" 29960000 NA 7.47654180902743 NA
"750" 30000000 NA 7.47712125471966 NA
"751" 30040000 NA 7.47769992833213 NA
"752" 30080000 NA 7.4782778319196 NA
"753" 30120000 NA 7.47885496752866 NA
"754" 30160000 NA 7.47943133719774 NA
"755" 30200000 NA 7.48000694295715 NA
"756" 30240000 NA 7.48058178682917 NA
"757" 30280000 NA 7.48115587082803 NA
"758" 30320000 NA 7.48172919696002 NA
"759" 30360000 NA 7.48230176722344 NA
"760" 30400000 NA 7.48287358360875 NA
"761" 30440000 NA 7.48344464809854 NA
"762" 30480000 NA 7.48401496266756 NA
"763" 30520000 NA 7.48458452928284 NA
"764" 30560000 NA 7.48515334990365 NA
"765" 30600000 NA 7.48572142648158 NA
"766" 30640000 NA 7.48628876096057 NA
"767" 30680000 NA 7.48685535527694 NA
"768" 30720000 NA 7.48742121135947 NA
"769" 30760000 NA 7.48798633112939 NA
"770" 30800000 NA 7.48855071650044 NA
"771" 30840000 NA 7.48911436937892 NA
"772" 30880000 NA 7.4896772916637 NA
"773" 30920000 NA 7.49023948524629 NA
"774" 30960000 NA 7.49080095201086 NA
"775" 31000000 NA 7.49136169383427 NA
"776" 31040000 NA 7.49192171258615 NA
"777" 31080000 NA 7.49248101012888 NA
"778" 31120000 NA 7.49303958831765 NA
"779" 31160000 NA 7.49359744900053 NA
"780" 31200000 NA 7.49415459401844 NA
"781" 31240000 NA 7.49471102520526 NA
"782" 31280000 NA 7.49526674438781 NA
"783" 31320000 NA 7.49582175338591 NA
"784" 31360000 NA 7.4963760540124 NA
"785" 31400000 NA 7.49692964807322 NA
"786" 31440000 NA 7.49748253736737 NA
"787" 31480000 NA 7.49803472368703 NA
"788" 31520000 NA 7.49858620881752 NA
"789" 31560000 NA 7.49913699453738 NA
"790" 31600000 NA 7.4996870826184 NA
"791" 31640000 NA 7.50023647482564 NA
"792" 31680000 NA 7.50078517291746 NA
"793" 31720000 NA 7.50133317864557 NA
"794" 31760000 NA 7.50188049375506 NA
"795" 31800000 NA 7.50242711998443 NA
"796" 31840000 NA 7.50297305906563 NA
"797" 31880000 NA 7.50351831272407 NA
"798" 31920000 NA 7.50406288267869 NA
"799" 31960000 NA 7.50460677064195 NA
"800" 32000000 NA 7.50514997831991 NA
"801" 32040000 NA 7.5056925074122 NA
"802" 32080000 NA 7.50623435961213 NA
"803" 32120000 NA 7.50677553660664 NA
"804" 32160000 NA 7.50731604007641 NA
"805" 32200000 NA 7.50785587169583 NA
"806" 32240000 NA 7.50839503313305 NA
"807" 32280000 NA 7.50893352605003 NA
"808" 32320000 NA 7.50947135210255 NA
"809" 32360000 NA 7.51000851294023 NA
"810" 32400000 NA 7.51054501020661 NA
"811" 32440000 NA 7.51108084553912 NA
"812" 32480000 NA 7.51161602056914 NA
"813" 32520000 NA 7.51215053692203 NA
"814" 32560000 NA 7.51268439621716 NA
"815" 32600000 NA 7.51321760006794 NA
"816" 32640000 NA 7.51375015008182 NA
"817" 32680000 NA 7.51428204786038 NA
"818" 32720000 NA 7.51481329499929 NA
"819" 32760000 NA 7.51534389308838 NA
"820" 32800000 NA 7.51587384371168 NA
"821" 32840000 NA 7.5164031484474 NA
"822" 32880000 NA 7.51693180886801 NA
"823" 32920000 NA 7.51745982654023 NA
"824" 32960000 NA 7.51798720302508 NA
"825" 33000000 NA 7.51851393987789 NA
"826" 33040000 NA 7.51904003864834 NA
"827" 33080000 NA 7.51956550088051 NA
"828" 33120000 NA 7.52009032811284 NA
"829" 33160000 NA 7.52061452187824 NA
"830" 33200000 NA 7.52113808370404 NA
"831" 33240000 NA 7.52166101511207 NA
"832" 33280000 NA 7.52218331761869 NA
"833" 33320000 NA 7.52270499273475 NA
"834" 33360000 NA 7.5232260419657 NA
"835" 33400000 NA 7.52374646681156 NA
"836" 33440000 NA 7.52426626876698 NA
"837" 33480000 NA 7.52478544932122 NA
"838" 33520000 NA 7.52530400995824 NA
"839" 33560000 NA 7.52582195215666 NA
"840" 33600000 NA 7.52633927738984 NA
"841" 33640000 NA 7.52685598712587 NA
"842" 33680000 NA 7.52737208282761 NA
"843" 33720000 NA 7.5278875659527 NA
"844" 33760000 NA 7.52840243795362 NA
"845" 33800000 NA 7.52891670027766 NA
"846" 33840000 NA 7.52943035436699 NA
"847" 33880000 NA 7.52994340165867 NA
"848" 33920000 NA 7.53045584358468 NA
"849" 33960000 NA 7.53096768157191 NA
"850" 34000000 NA 7.53147891704226 NA
"851" 34040000 NA 7.53198955141255 NA
"852" 34080000 NA 7.53249958609466 NA
"853" 34120000 NA 7.53300902249549 NA
"854" 34160000 NA 7.53351786201697 NA
"855" 34200000 NA 7.53402610605614 NA
"856" 34240000 NA 7.53453375600512 NA
"857" 34280000 NA 7.53504081325116 NA
"858" 34320000 NA 7.53554727917667 NA
"859" 34360000 NA 7.5360531551592 NA
"860" 34400000 NA 7.53655844257153 NA
"861" 34440000 NA 7.53706314278162 NA
"862" 34480000 NA 7.53756725715268 NA
"863" 34520000 NA 7.53807078704317 NA
"864" 34560000 NA 7.53857373380686 NA
"865" 34600000 NA 7.53907609879278 NA
"866" 34640000 NA 7.53957788334531 NA
"867" 34680000 NA 7.54007908880417 NA
"868" 34720000 NA 7.54057971650445 NA
"869" 34760000 NA 7.54107976777663 NA
"870" 34800000 NA 7.54157924394658 NA
"871" 34840000 NA 7.54207814633563 NA
"872" 34880000 NA 7.54257647626053 NA
"873" 34920000 NA 7.54307423503353 NA
"874" 34960000 NA 7.54357142396237 NA
"875" 35000000 NA 7.54406804435028 NA
"876" 35040000 NA 7.54456409749604 NA
"877" 35080000 NA 7.545059584694 NA
"878" 35120000 NA 7.54555450723406 NA
"879" 35160000 NA 7.54604886640173 NA
"880" 35200000 NA 7.54654266347813 NA
"881" 35240000 NA 7.54703589974001 NA
"882" 35280000 NA 7.54752857645978 NA
"883" 35320000 NA 7.54802069490553 NA
"884" 35360000 NA 7.54851225634104 NA
"885" 35400000 NA 7.54900326202579 NA
"886" 35440000 NA 7.54949371321501 NA
"887" 35480000 NA 7.54998361115969 NA
"888" 35520000 NA 7.55047295710656 NA
"889" 35560000 NA 7.55096175229818 NA
"890" 35600000 NA 7.55144999797287 NA
"891" 35640000 NA 7.55193769536484 NA
"892" 35680000 NA 7.55242484570409 NA
"893" 35720000 NA 7.55291145021651 NA
"894" 35760000 NA 7.55339751012388 NA
"895" 35800000 NA 7.55388302664387 NA
"896" 35840000 NA 7.55436800099009 NA
"897" 35880000 NA 7.55485243437205 NA
"898" 35920000 NA 7.55533632799527 NA
"899" 35960000 NA 7.55581968306119 NA
"900" 36000000 NA 7.55630250076729 NA
"901" 36040000 NA 7.55678478230703 NA
"902" 36080000 NA 7.5572665288699 NA
"903" 36120000 NA 7.55774774164147 NA
"904" 36160000 NA 7.55822842180333 NA
"905" 36200000 NA 7.55870857053317 NA
"906" 36240000 NA 7.55918818900478 NA
"907" 36280000 NA 7.55966727838806 NA
"908" 36320000 NA 7.56014583984905 NA
"909" 36360000 NA 7.56062387454993 NA
"910" 36400000 NA 7.56110138364906 NA
"911" 36440000 NA 7.56157836830096 NA
"912" 36480000 NA 7.56205482965638 NA
"913" 36520000 NA 7.56253076886226 NA
"914" 36560000 NA 7.56300618706179 NA
"915" 36600000 NA 7.56348108539441 NA
"916" 36640000 NA 7.56395546499581 NA
"917" 36680000 NA 7.56442932699798 NA
"918" 36720000 NA 7.5649026725292 NA
"919" 36760000 NA 7.56537550271407 NA
"920" 36800000 NA 7.56584781867352 NA
"921" 36840000 NA 7.56631962152481 NA
"922" 36880000 NA 7.56679091238159 NA
"923" 36920000 NA 7.56726169235387 NA
"924" 36960000 NA 7.56773196254807 NA
"925" 37000000 NA 7.56820172406699 NA
"926" 37040000 NA 7.5686709780099 NA
"927" 37080000 NA 7.56913972547246 NA
"928" 37120000 NA 7.56960796754682 NA
"929" 37160000 NA 7.5700757053216 NA
"930" 37200000 NA 7.5705429398819 NA
"931" 37240000 NA 7.57100967230931 NA
"932" 37280000 NA 7.57147590368194 NA
"933" 37320000 NA 7.57194163507446 NA
"934" 37360000 NA 7.57240686755806 NA
"935" 37400000 NA 7.57287160220048 NA
"936" 37440000 NA 7.57333584006607 NA
"937" 37480000 NA 7.57379958221574 NA
"938" 37520000 NA 7.57426282970703 NA
"939" 37560000 NA 7.57472558359407 NA
"940" 37600000 NA 7.57518784492766 NA
"941" 37640000 NA 7.57564961475522 NA
"942" 37680000 NA 7.57611089412084 NA
"943" 37720000 NA 7.57657168406529 NA
"944" 37760000 NA 7.57703198562603 NA
"945" 37800000 NA 7.57749179983723 NA
"946" 37840000 NA 7.57795112772976 NA
"947" 37880000 NA 7.57840997033124 NA
"948" 37920000 NA 7.57886832866603 NA
"949" 37960000 NA 7.57932620375526 NA
"950" 38000000 NA 7.57978359661681 NA
"951" 38040000 NA 7.58024050826538 NA
"952" 38080000 NA 7.58069693971244 NA
"953" 38120000 NA 7.58115289196629 NA
"954" 38160000 NA 7.58160836603206 NA
"955" 38200000 NA 7.58206336291171 NA
"956" 38240000 NA 7.58251788360406 NA
"957" 38280000 NA 7.58297192910481 NA
"958" 38320000 NA 7.58342550040651 NA
"959" 38360000 NA 7.58387859849863 NA
"960" 38400000 NA 7.58433122436753 NA
"961" 38440000 NA 7.58478337899651 NA
"962" 38480000 NA 7.58523506336578 NA
"963" 38520000 NA 7.5856862784525 NA
"964" 38560000 NA 7.58613702523079 NA
"965" 38600000 NA 7.58658730467176 NA
"966" 38640000 NA 7.58703711774346 NA
"967" 38680000 NA 7.58748646541096 NA
