"realInteractionDistance" "loessExpectedValue" "loggendist" "loginteraction"
"1" 40000 3218.49850936922 4.60205999132796 0
"2" 80000 2244.58050296011 4.90308998699194 -0.156518126126181
"3" 120000 1333.58128784661 5.07918124604763 -0.382633819266593
"4" 160000 1027.65507838193 5.20411998265593 -0.495805939582447
"5" 200000 852.900878434828 5.30102999566398 -0.576754750617188
"6" 240000 722.487875645159 5.38021124171161 -0.648822748901574
"7" 280000 626.325488037075 5.44715803134222 -0.710853226842172
"8" 320000 545.190290931351 5.50514997831991 -0.771105199263312
"9" 360000 478.451904592337 5.55630250076729 -0.827815024589128
"10" 400000 425.517172629122 5.60205999132796 -0.878736220693866
"11" 440000 381.722147121599 5.64345267648619 -0.92590595432999
"12" 480000 343.487441691742 5.68124123737559 -0.971742448959334
"13" 520000 312.220648623639 5.7160033436348 -1.01319169070579
"14" 560000 281.408408056333 5.7481880270062 -1.05831624297094
"15" 600000 252.60544095438 5.77815125038364 -1.10521061158742
"16" 640000 227.462643065094 5.80617997398389 -1.15074323107956
"17" 680000 209.761512327745 5.83250891270624 -1.18592750681253
"18" 720000 196.228403155374 5.85733249643127 -1.21489144260882
"19" 760000 183.13243030673 5.88081359228079 -1.24488805346114
"20" 800000 168.440952356675 5.90308998699194 -1.28120562408948
"21" 840000 153.40822786372 5.92427928606188 -1.32180465922986
"22" 880000 139.950011392142 5.94448267215017 -1.3616803741694
"23" 920000 130.687464735641 5.96378782734556 -1.39141937935092
"24" 960000 125.24786185803 5.98227123303957 -1.40988299168621
"25" 1000000 118.633512544101 6 -1.43344592298297
"26" 1040000 111.74984664509 6.01703333929878 -1.45940637650406
"27" 1080000 104.948956707297 6.03342375548695 -1.4866751866852
"28" 1120000 98.6701437807639 6.04921802267018 -1.51346755127314
"29" 1160000 93.4537796343533 6.06445798922692 -1.53705644169565
"30" 1200000 86.8923548827997 6.07918124604763 -1.56867174506125
"31" 1240000 81.7377936559514 6.09342168516223 -1.59523040167857
"32" 1280000 78.9387184632106 6.10720996964787 -1.61036324079477
"33" 1320000 78.2955016615633 6.12057393120585 -1.61391650121964
"34" 1360000 74.19079426837 6.13353890837022 -1.63730329176821
"35" 1400000 67.765602516438 6.14612803567824 -1.676644008251
"36" 1440000 63.9239159195115 6.15836249209525 -1.70198994072777
"37" 1480000 60.9839651138726 6.17026171539496 -1.72243765400171
"38" 1520000 59.0627362303215 6.18184358794477 -1.73633974944072
"39" 1560000 56.2864736137343 6.19312459835446 -1.75724927165916
"40" 1600000 53.578069456332 6.20411998265593 -1.7786662514198
"41" 1640000 50.4203787884719 6.2148438480477 -1.80504720828753
"42" 1680000 48.3089657856008 6.22530928172586 -1.82362557225842
"43" 1720000 47.1762953950044 6.23552844690755 -1.83392947820484
"44" 1760000 45.1007111850565 6.24551266781415 -1.85346992207977
"45" 1800000 42.5248533266142 6.25527250510331 -1.87901048797106
"46" 1840000 41.2979512535433 6.26481782300954 -1.89172480501004
"47" 1880000 40.4832914338414 6.27415784926368 -1.90037749738921
"48" 1920000 39.3077176527553 6.28330122870355 -1.91317548446888
"49" 1960000 38.3722036626973 6.29225607135648 -1.9236365714766
"50" 2000000 37.5092335102231 6.30102999566398 -1.93351512275805
"51" 2040000 37.1890730710676 6.3096301674259 -1.93723795851814
"52" 2080000 37.1230213217517 6.31806333496276 -1.9380099975257
"53" 2120000 36.3580627827793 6.32633586092875 -1.94705257707978
"54" 2160000 35.522204512057 6.33445375115093 -1.95715340201588
"55" 2200000 34.2872553632438 6.34242268082221 -1.9725205903557
"56" 2240000 32.1147324822646 6.35024801833416 -2.00094900365889
"57" 2280000 31.2948685285933 6.35793484700045 -2.01218018092488
"58" 2320000 31.0974682782619 6.3654879848909 -2.01492827884477
"59" 2360000 30.0667289907378 6.37291200297011 -2.02956712926964
"60" 2400000 28.9483578812456 6.38021124171161 -2.04602937926349
"61" 2440000 27.8695297828823 6.38738982633873 -2.06252367100277
"62" 2480000 26.7873265264875 6.39445168082622 -2.0797239407362
"63" 2520000 26.0022942971311 6.40140054078154 -2.09264164294437
"64" 2560000 25.7489925533024 6.40823996531185 -2.09689307067867
"65" 2600000 25.1234860734665 6.41497334797082 -2.10757341143752
"66" 2640000 24.9658711870021 6.42160392686983 -2.1103065869114
"67" 2680000 24.4373925467972 6.42813479402879 -2.11959844720784
"68" 2720000 23.8971573841293 6.4345689040342 -2.12930706852249
"69" 2760000 23.1207539578645 6.44090908206522 -2.14365132018772
"70" 2800000 23.1176222920248 6.44715803134222 -2.14371014860281
"71" 2840000 22.4035690372272 6.45331834004704 -2.15733610248504
"72" 2880000 21.3247171011545 6.45939248775923 -2.17877003390148
"73" 2920000 20.0542733684757 6.46538285144842 -2.20544638162212
"74" 2960000 19.4935546043768 6.47129171105894 -2.2177622733956
"75" 3000000 19.7633420580589 6.47712125471966 -2.21179292497481
"76" 3040000 19.9320210539669 6.48287358360875 -2.20810197508423
"77" 3080000 19.3982500353273 6.48855071650044 -2.21989075941836
"78" 3120000 18.2095587821104 6.49415459401844 -2.24735388936339
"79" 3160000 17.8182132074178 6.4996870826184 -2.25678916105536
"80" 3200000 17.6233153086062 6.50514997831991 -2.26156570082468
"81" 3240000 17.4702326307603 6.51054501020661 -2.26535462430809
"82" 3280000 17.5387029735572 6.51587384371168 -2.26365583915781
"83" 3320000 17.5991441621173 6.52113808370404 -2.26216176352712
"84" 3360000 16.7526692025006 6.52633927738984 -2.2835692993054
"85" 3400000 16.0142782932223 6.53147891704226 -2.30314594099638
"86" 3440000 16.0343017426681 6.53655844257153 -2.3026032601834
"87" 3480000 16.3633068307469 6.54157924394658 -2.29378223834163
"88" 3520000 16.4017891113701 6.54654266347813 -2.29276208873854
"89" 3560000 16.2311633598859 6.55144999797287 -2.29730366355907
"90" 3600000 15.6241682292365 6.55630250076729 -2.31385640586405
"91" 3640000 14.9162027622799 6.56110138364906 -2.33399503404506
"92" 3680000 14.6281607376066 6.56584781867352 -2.34246358850358
"93" 3720000 15.0602130962645 6.5705429398819 -2.32982219531457
"94" 3760000 15.7239501941486 6.57518784492766 -2.31109165280796
"95" 3800000 15.7734546442663 6.57978359661681 -2.3097264909904
"96" 3840000 14.5608596027303 6.58433122436753 -2.34446629794414
"97" 3880000 13.9313106883764 6.58883172559421 -2.36366133459679
"98" 3920000 13.9382046592524 6.59328606702046 -2.36344647520412
"99" 3960000 14.2221455653533 6.59769518592551 -2.35468819294108
"100" 4000000 13.6682672005255 6.60205999132796 -2.37193985210494
"101" 4040000 13.6892600368298 6.6063813651106 -2.37127333903328
"102" 4080000 13.664934033419 6.61066016308988 -2.37204577281846
"103" 4120000 13.90588177001 6.61489721603313 -2.36445477969839
"104" 4160000 13.2958095417578 6.61909333062674 -2.38393852696952
"105" 4200000 13.4715700367049 6.6232492903979 -2.37823509904015
"106" 4240000 13.8574936606711 6.62736585659273 -2.36596862373412
"107" 4280000 13.7119262362388 6.63144376901317 -2.37055484403995
"108" 4320000 13.1537791719062 6.63548374681491 -2.388602765756
"109" 4360000 12.17907632058 6.63948648926859 -2.42203896032307
"110" 4400000 12.3259728713456 6.64345267648619 -2.41683210478165
"111" 4440000 12.3478180441747 6.64738297011462 -2.41606309117306
"112" 4480000 12.1165958040039 6.65127801399814 -2.42427269176754
"113" 4520000 11.679893525231 6.65513843481138 -2.44021442858985
"114" 4560000 11.3773094589051 6.65896484266444 -2.45161374141623
"115" 4600000 11.7625879495772 6.66275783168157 -2.43715042863041
"116" 4640000 12.4287808008917 6.66651798055488 -2.41322478363506
"117" 4680000 12.8311296119773 6.67024585307412 -2.39938842035628
"118" 4720000 12.1717818494807 6.67394199863409 -2.42229915227355
"119" 4760000 11.6295757789339 6.67760695272049 -2.44208943940348
"120" 4800000 11.9313772230187 6.68124123737559 -2.43096273572506
"121" 4840000 11.9356205620971 6.68484536164441 -2.43080830836201
"122" 4880000 11.7999306153075 6.68841982200271 -2.43577385870224
"123" 4920000 11.439676369211 6.69196510276736 -2.44923957397292
"124" 4960000 11.5848540754721 6.6954816764902 -2.44376274460061
"125" 5000000 11.5808780769698 6.69897000433602 -2.44391182292157
"126" 5040000 11.4676663496588 6.70243053644553 -2.44817826361006
"127" 5080000 11.4135823440141 6.70586371228392 -2.45023133591118
"128" 5120000 11.2267523943833 6.70926996097583 -2.45739916792143
"129" 5160000 11.0850616871517 6.71264970162721 -2.46291519806545
"130" 5200000 10.6544867541725 6.7160033436348 -2.48012077851755
"131" 5240000 10.354600479552 6.71933128698373 -2.49251996552826
"132" 5280000 10.086707426018 6.72263392253381 -2.50390388841325
"133" 5320000 10.3059937120158 6.72591163229505 -2.49456343917427
"134" 5360000 10.2581640761924 6.72916478969277 -2.49658367113131
"135" 5400000 10.0680153279334 6.73239375982297 -2.50470944426038
"136" 5440000 9.91951850591664 6.73559889969818 -2.51116272034085
"137" 5480000 9.67870555205522 6.73878055848437 -2.52183603447728
"138" 5520000 9.86068567685037 6.7419390777292 -2.51374619704601
"139" 5560000 10.0276309061415 6.74507479158206 -2.50645497211702
"140" 5600000 10.4139124010188 6.7481880270062 -2.49003939213511
"141" 5640000 10.7576631248347 6.75127910398334 -2.47593537205414
"142" 5680000 10.8369582304242 6.75434833571102 -2.47274591288162
"143" 5720000 10.6812719318677 6.75739602879302 -2.47903034052074
"144" 5760000 10.63531330461 6.76042248342321 -2.48090302405976
"145" 5800000 10.6312968177298 6.76342799356294 -2.48106706883224
"146" 5840000 10.612051154689 6.7664128471124 -2.48185397752072
"147" 5880000 10.5248011411437 6.76937732607614 -2.48543941343319
"148" 5920000 10.6559544027981 6.77232170672292 -2.4800609588549
"149" 5960000 10.7010393274449 6.77524625974024 -2.47822735218497
"150" 6000000 10.5308964982977 6.77815125038364 -2.48518796794832
"151" 6040000 10.5352196378804 6.78103693862113 -2.48500971812956
"152" 6080000 10.6532307039626 6.78390357927274 -2.4801719802173
"153" 6120000 10.6678036027267 6.78675142214556 -2.47957830071629
"154" 6160000 10.6194155305825 6.78958071216443 -2.48155269753956
"155" 6200000 10.5619650514722 6.79239168949825 -2.48390858620768
"156" 6240000 10.3823461976675 6.79518458968242 -2.49135780605974
"157" 6280000 10.2443379591232 6.7979596437372 -2.49716941498337
"158" 6320000 10.3375703979963 6.80071707828238 -2.49323483224377
"159" 6360000 10.5713607365317 6.80345711564841 -2.48352241940319
"160" 6400000 10.3694353275333 6.80617997398389 -2.49189820500068
"161" 6440000 10.0822723133165 6.80888586735981 -2.5040948891509
"162" 6480000 9.78403589323843 6.81157500587059 -2.51713527506104
"163" 6520000 9.61475188383638 6.81424759573192 -2.52471523091219
"164" 6560000 9.75177083683351 6.81690383937566 -2.51856982536033
"165" 6600000 9.88961326040548 6.81954393554187 -2.51247400375554
"166" 6640000 9.95407461288958 6.82216807936802 -2.50965242055668
"167" 6680000 9.8240477474707 6.82477646247555 -2.51536284773553
"168" 6720000 9.90262810839466 6.82736927305382 -2.51190284282698
"169" 6760000 10.1113677791335 6.82994669594164 -2.50284340512535
"170" 6800000 10.4338364296015 6.83250891270624 -2.48920928828309
"171" 6840000 10.3903003072744 6.83505610172012 -2.49102521232127
"172" 6880000 9.89142394772379 6.83758843823551 -2.51239449614381
"173" 6920000 9.57616395565732 6.84010609445676 -2.52646173920828
"174" 6960000 9.42270844941513 6.84260923961056 -2.53347755862144
"175" 7000000 9.32404398392902 6.84509804001426 -2.53804899879095
"176" 7040000 9.53956183374716 6.84757265914211 -2.52812488495262
"177" 7080000 9.62334199837984 6.85003325768977 -2.52432739211528
"178" 7120000 9.5204767118672 6.85247999363686 -2.52899461728493
"179" 7160000 9.54012590497079 6.85491302230786 -2.52809920601875
"180" 7200000 9.59578631974576 6.85733249643127 -2.525572743848
"181" 7240000 9.71139962701447 6.85973856619715 -2.52037148648536
"182" 7280000 9.76879027287032 6.86213137931304 -2.51781252653196
"183" 7320000 9.67635150465209 6.86451108105839 -2.52194167609842
"184" 7360000 9.65624886025067 6.8668778143375 -2.52284486247966
"185" 7400000 9.73494054024909 6.86923171973098 -2.51932000907388
"186" 7440000 9.76960656925879 6.87157293554588 -2.51777623767774
"187" 7480000 9.8244182640063 6.87390159786446 -2.51534646851419
"188" 7520000 9.53783234740802 6.87621784059164 -2.52820362803132
"189" 7560000 9.17311976023498 6.87852179550121 -2.54513624882061
"190" 7600000 8.96850754094356 6.88081359228079 -2.55493313468226
"191" 7640000 8.8162615364029 6.88309335857569 -2.56236884718046
"192" 7680000 8.51225215516896 6.88536122003151 -2.57760883224403
"193" 7720000 8.33630643533161 6.88761730033574 -2.58667964178972
"194" 7760000 8.32912284671676 6.88986172125819 -2.58705404475722
"195" 7800000 8.47433630260541 6.89209460269048 -2.57954761741366
"196" 7840000 8.61144216762683 6.89431606268444 -2.57257742300794
"197" 7880000 8.74802990747165 6.89652621748955 -2.56574305320425
"198" 7920000 8.58988817859775 6.89872518158949 -2.57366580201225
"199" 7960000 8.19821035045228 6.90091306773767 -2.59393425503171
"200" 8000000 8.04226135344157 6.90308998699194 -2.60227512983979
"201" 8040000 8.17256043337598 6.90525604874845 -2.59529517159577
"202" 8080000 8.40594758812915 6.90741136077459 -2.58306663451274
"203" 8120000 8.59249354980245 6.90955602924118 -2.57353409752983
"204" 8160000 8.40173329924834 6.91169015875386 -2.58328442094701
"205" 8200000 7.93375503614804 6.91381385238372 -2.6081745253225
"206" 8240000 7.58560863564229 6.91592721169712 -2.6276628799372
"207" 8280000 7.12310933797188 6.91803033678488 -2.65498370161487
"208" 8320000 7.19829940328067 6.92012332629072 -2.65042340575457
"209" 8360000 7.21915068799228 6.92220627743902 -2.64916720522712
"210" 8400000 7.23921829283019 6.92427928606188 -2.64796163969561
"211" 8440000 6.98642364365493 6.92634244662565 -2.66339839541909
"212" 8480000 6.85658331556376 6.92839585225671 -2.67154555475722
"213" 8520000 6.73563293953951 6.9304395947667 -2.67927490020337
"214" 8560000 6.56509675486028 6.93247376467715 -2.69041218132066
"215" 8600000 6.45215181649382 6.93449845124357 -2.6979487347151
"216" 8640000 6.5808558249093 6.93651374247889 -2.68937093605538
"217" 8680000 6.85721969681815 6.93851972517649 -2.67150524837873
"218" 8720000 6.98362275997646 6.94051648493257 -2.66357254063052
"219" 8760000 7.25342824421391 6.94250410616808 -2.64710999325051
"220" 8800000 7.28756830333773 6.94448267215017 -2.64507067407665
"221" 8840000 7.26772576040456 6.94645226501307 -2.6462547810007
"222" 8880000 6.8975316499978 6.9484129657786 -2.66895961036536
"223" 8920000 6.50155419062069 6.95036485437612 -2.694636125569
"224" 8960000 6.34779753842522 6.95230800966212 -2.70503024574493
"225" 9000000 6.34028173458557 6.95424250943933 -2.70554475585259
"226" 9040000 6.4604776281966 6.95616843047536 -2.69738868540888
"227" 9080000 6.872638973978 6.95808584852109 -2.67052978170259
"228" 9120000 7.07162998315559 6.95999483832842 -2.65813378380265
"229" 9160000 6.99655315332765 6.96189547366785 -2.66276917447584
"230" 9200000 6.73970181300518 6.96378782734556 -2.67901263000677
"231" 9240000 6.51472044026308 6.96567197122011 -2.69375752832372
"232" 9280000 6.33815486065007 6.96754797621886 -2.70569046618771
"233" 9320000 6.21140952181065 6.96941591235398 -2.71446314884875
"234" 9360000 6.00949781909662 6.97127584873811 -2.72881513042215
"235" 9400000 6.13338269737267 6.9731278535997 -2.71995324863552
"236" 9440000 6.30725770537559 6.97497199429807 -2.70781273632715
"237" 9480000 6.39538885837461 6.97680833733807 -2.70178635632977
"238" 9520000 6.52349666873916 6.97863694838447 -2.6931728673777
"239" 9560000 6.56912390885253 6.9804578922761 -2.69014585858158
"240" 9600000 6.6433283254879 6.98227123303957 -2.68526759572088
"241" 9640000 6.61214316939426 6.98407703390283 -2.68731106376367
"242" 9680000 6.68732381132386 6.98587535730839 -2.68240095935476
"243" 9720000 6.78294093886912 6.98766626492627 -2.67623527677654
"244" 9760000 6.79302112331537 6.98944981766669 -2.67559034726569
"245" 9800000 6.57210161362732 6.9912260756925 -2.68994904272566
"246" 9840000 6.45967596242105 6.99299509843134 -2.69744257935382
"247" 9880000 6.18171678089008 6.99475694458763 -2.71654420860627
"248" 9920000 5.94627838685157 6.99651167215418 -2.73340807461882
"249" 9960000 5.83328034935345 6.9982593384237 -2.74174046305797
"250" 10000000 5.70338752011812 7 -2.75152043133467
"251" 10040000 5.95389723689125 7.001733712809 -2.73285197778674
"252" 10080000 5.66348790705759 7.00346053210951 -2.75456933480197
"253" 10120000 5.42411550460714 7.00518051250378 -2.77332438322008
"254" 10160000 5.3719905223726 7.0068937079479 -2.77751807453803
"255" 10200000 5.49410603800863 7.00860017176192 -2.76775627513559
"256" 10240000 5.61489990879549 7.01029995663981 -2.75831129339067
"257" 10280000 6.00438747921207 7.01199311465926 -2.72918460166168
"258" 10320000 6.15441970256192 7.01367969729119 -2.71846620255547
"259" 10360000 6.25702758583079 7.01535975540921 -2.71128524263514
"260" 10400000 6.26319276545081 7.01703333929878 -2.71085753391593
"261" 10440000 6.23075725867371 7.01870049866624 -2.71311248022682
"262" 10480000 6.38401734122732 7.02036128264771 -2.7025592542836
"263" 10520000 6.39779634770763 7.02201573981772 -2.70162290065739
"264" 10560000 6.35451847820284 7.02366391819779 -2.704570665409
"265" 10600000 6.47337260922694 7.02530586526477 -2.69652270646859
"266" 10640000 6.5778118165833 7.02694162795903 -2.68957186765095
"267" 10680000 6.45774698487171 7.02857125269254 -2.69757228700759
"268" 10720000 6.38299717169329 7.03019478535675 -2.7026286603299
"269" 10760000 6.24664900396458 7.03181227133037 -2.71200620847863
"270" 10800000 6.01780874950491 7.03342375548695 -2.72821493090621
"271" 10840000 5.96172198924615 7.03502928220237 -2.7322815924473
"272" 10880000 6.01792226877707 7.03662889536216 -2.72820673850088
"273" 10920000 6.23672897102422 7.03822263836872 -2.71269644095925
"274" 10960000 6.30327301039689 7.03981055414835 -2.70808719441903
"275" 11000000 6.23093681126066 7.04139268515823 -2.71309996528346
"276" 11040000 6.3018003126621 7.04296907339318 -2.70818867490807
"277" 11080000 6.34351003074805 7.04453976039241 -2.70532368138755
"278" 11120000 6.43832467789525 7.04610478724604 -2.69888043841118
"279" 11160000 6.55379099210438 7.04766419460156 -2.69116072520469
"280" 11200000 6.57896091581499 7.04921802267018 -2.68949600596862
"281" 11240000 6.34106766284327 7.05076631123304 -2.70549092493993
"282" 11280000 6.22374876066414 7.05230909964732 -2.7136012595214
"283" 11320000 6.19551436102488 7.05384642685225 -2.71557594432655
"284" 11360000 6.03076313096438 7.055378331375 -2.72728104121239
"285" 11400000 6.11448856213698 7.05690485133647 -2.72129317538826
"286" 11440000 6.42079605802034 7.05842602445701 -2.70006443656446
"287" 11480000 6.65389235777842 7.05994188806195 -2.68457754145993
"288" 11520000 6.71500477499418 7.06145247908719 -2.68060698649512
"289" 11560000 6.91013198033204 7.06295783408451 -2.66816697004621
"290" 11600000 6.66703784999426 7.06445798922692 -2.68372039162198
"291" 11640000 6.3420458179598 7.06595298031387 -2.70542393707121
"292" 11680000 5.91833263140697 7.06744284277638 -2.73545394191405
"293" 11720000 5.62778179628869 7.06892761168207 -2.75731606195927
"294" 11760000 5.5084011947971 7.07040732174012 -2.76662774850558
"295" 11800000 5.64407632785865 7.07188200730613 -2.75606043400556
"296" 11840000 5.48452585605981 7.0733517023869 -2.76851422407717
"297" 11880000 5.57804696439535 7.07481644064517 -2.76117114583375
"298" 11920000 5.6706980638846 7.07627625540422 -2.75401678841636
"299" 11960000 5.7628478997165 7.07773117965239 -2.74701615503389
"300" 12000000 5.5902774384568 7.07918124604763 -2.76021995041218
"301" 12040000 5.80740068570707 7.08062648692181 -2.74367152080259
"302" 12080000 5.7722974054943 7.08206693428511 -2.74630461321531
"303" 12120000 5.79917420087396 7.08350261983027 -2.74428715764664
"304" 12160000 5.84801894878971 7.08493357493672 -2.74064454116787
"305" 12200000 5.9173720032088 7.08635983067475 -2.73552443970686
"306" 12240000 5.47690029016623 7.08778141780954 -2.7691184778812
"307" 12280000 5.09238569753573 7.08919836680515 -2.80073202261167
"308" 12320000 5.0039571148446 7.09061070782841 -2.80833973329807
"309" 12360000 5.06049084865722 7.0920184707528 -2.8034606685029
"310" 12400000 5.3302971273688 7.09342168516223 -2.78090189369498
"311" 12440000 5.48117500061076 7.0948203803548 -2.76877964406181
"312" 12480000 5.56790962380638 7.0962145853464 -2.76196113496713
"313" 12520000 5.45845058395934 7.09760432887441 -2.77058392938675
"314" 12560000 5.45900893038849 7.09898963940118 -2.77053950755526
"315" 12600000 5.52907122387785 7.10037054511756 -2.76500112789459
"316" 12640000 5.83866449033962 7.10174707394637 -2.74133979240401
"317" 12680000 5.95005590064448 7.10311925354571 -2.73313226638898
"318" 12720000 6.14925181841274 7.10448711131239 -2.71883103409331
"319" 12760000 6.19039620785661 7.10585067438514 -2.71593486598881
"320" 12800000 5.96689302734625 7.10720996964787 -2.73190506031006
"321" 12840000 5.88704644066126 7.10856502373283 -2.73775585051481
"322" 12880000 6.01250165102576 7.10991586302379 -2.72859810368516
"323" 12920000 5.87457814505962 7.11126251365907 -2.73867662705677
"324" 12960000 5.93882990881199 7.11260500153457 -2.73395242528929
"325" 13000000 6.05276210533311 7.11394335230684 -2.72569970736408
"326" 13040000 6.10907557454731 7.1152775913959 -2.7216778145603
"327" 13080000 6.32486257736571 7.11660774398825 -2.70660221845068
"328" 13120000 6.4047930767226 7.11793383503964 -2.70114820901426
"329" 13160000 6.20156935153292 7.11925588927794 -2.71515170758899
"330" 13200000 6.22261075403532 7.12057393120585 -2.71368067712139
"331" 13240000 6.08282716756893 7.12188798510368 -2.72354783537058
"332" 13280000 6.44086269235397 7.123198075032 -2.69870927144901
"333" 13320000 6.67302845952175 7.12450422483428 -2.68333033526461
"334" 13360000 7.0795507403746 7.12580645813953 -2.65764761355592
"335" 13400000 7.11162791806349 7.12710479836481 -2.65568428615005
"336" 13440000 7.32522210900945 7.12839926871781 -2.64283251479872
"337" 13480000 7.32634475703148 7.1296898921993 -2.6427659608463
"338" 13520000 7.55233609304365 7.13097669160562 -2.6295720036892
"339" 13560000 7.80180918939632 7.13225968953104 -2.61545798785607
"340" 13600000 7.97742620166553 7.13353890837022 -2.60579051705246
"341" 13640000 7.88998000671077 7.13481437032046 -2.61057740961961
"342" 13680000 7.65022350579989 7.1360860973841 -2.62397918881495
"343" 13720000 7.56798470644597 7.13735411137073 -2.62867306656126
"344" 13760000 7.52086503790838 7.13861843389949 -2.63138551700022
"345" 13800000 7.63954950981067 7.13987908640124 -2.62458556254023
"346" 13840000 7.71901006655759 7.14113609012074 -2.62009170501894
"347" 13880000 7.81348660082421 7.14238946611884 -2.61480844059682
"348" 13920000 7.85412186216051 7.14363923527454 -2.61255567695635
"349" 13960000 7.80056235389021 7.14488541828714 -2.61552739958361
"350" 14000000 7.60612737350205 7.14612803567824 -2.62648971841813
"351" 14040000 7.30083625286493 7.14736710779379 -2.64428070436716
"352" 14080000 7.02701863301572 7.14860265480609 -2.66088220719912
"353" 14120000 7.00851494574537 7.14983469671578 -2.66202730850744
"354" 14160000 6.91272514196444 7.15106325335375 -2.66800402315456
"355" 14200000 7.02936440427392 7.15228834438306 -2.66073725447266
"356" 14240000 6.98375844573466 7.15350998930084 -2.66356410274582
"357" 14280000 6.98155980709693 7.15472820744016 -2.66370084959522
"358" 14320000 7.15689600312147 7.15594301797184 -2.65292860579852
"359" 14360000 7.36036779054287 7.15715443990628 -2.64075379616397
"360" 14400000 7.48510961831018 7.15836249209525 -2.63345514742048
"361" 14440000 7.82584185883407 7.15956719323362 -2.61412224470212
"362" 14480000 8.08015425223977 7.16076856186113 -2.60023366067582
"363" 14520000 8.09446449722231 7.16196661636407 -2.59946518975871
"364" 14560000 8.05940078187983 7.16316137497702 -2.60135055920323
"365" 14600000 8.08405125752243 7.16435285578444 -2.60002425379567
"366" 14640000 8.15826082797787 7.16554107672237 -2.59605572628013
"367" 14680000 8.00055268556708 7.16672605558005 -2.60453332283173
"368" 14720000 7.90720048821137 7.16790781000148 -2.60963056178734
"369" 14760000 7.83433738867521 7.16908635748702 -2.61365104165463
"370" 14800000 7.77887737001278 7.17026171539496 -2.61673638720921
"371" 14840000 7.61899086044382 7.17143390094301 -2.62575585971959
"372" 14880000 7.50793035485741 7.17260293120986 -2.63213307696286
"373" 14920000 7.39795876036905 7.17376882313665 -2.63854140629525
"374" 14960000 7.44591719178772 7.17493159352844 -2.63573511032992
"375" 15000000 7.45281720073702 7.17609125905568 -2.63533284313768
"376" 15040000 7.46631350565908 7.17724783625562 -2.63454709060719
"377" 15080000 7.33877111463408 7.17840134153376 -2.64202996941251
"378" 15120000 7.42865520846875 7.17955179116519 -2.63674311073032
"379" 15160000 7.35457817299755 7.18069920129603 -2.64109554381133
"380" 15200000 7.34319409847402 7.18184358794477 -2.64176830450519
"381" 15240000 7.18734097767603 7.18298496700358 -2.65108506343055
"382" 15280000 7.06820279902195 7.18412335423967 -2.65834431064689
"383" 15320000 7.00163300703894 7.18525876529659 -2.66245396899032
"384" 15360000 6.84934861609167 7.18639121569549 -2.67200404096107
"385" 15400000 6.64624880620974 7.18752072083646 -2.68507671700896
"386" 15440000 6.73118465580988 7.18864729599972 -2.67956180765337
"387" 15480000 6.88170315971728 7.18977095634687 -2.66995737680222
"388" 15520000 7.07247767003393 7.19089171692217 -2.65808172739257
"389" 15560000 7.17752824075135 7.19200959265367 -2.65167840237389
"390" 15600000 7.06788953661136 7.19312459835446 -2.65836355898414
"391" 15640000 7.03647428743842 7.19423674872383 -2.66029820730939
"392" 15680000 6.8055275704637 7.19534605834842 -2.67479151459046
"393" 15720000 6.66541317219497 7.19645254170339 -2.68382623691711
"394" 15760000 6.4678168260544 7.19755621315354 -2.6968956004958
"395" 15800000 6.34119465823487 7.19865708695442 -2.70548222721765
"396" 15840000 6.21762750397715 7.19975517725347 -2.71402861227715
"397" 15880000 6.1225232867646 7.20085049809108 -2.72072286670278
"398" 15920000 6.00551184104603 7.20194306340165 -2.72910328471996
"399" 15960000 6.29274652952263 7.20303288701471 -2.70881307351239
"400" 16000000 6.10001043609351 7.20411998265593 -2.72232273430748
"401" 16040000 6.41761062354939 7.20520436394814 -2.70027994876561
"402" 16080000 6.70207258193322 7.20628604441243 -2.68144418548789
"403" 16120000 6.77226891383789 7.20736503746907 -2.67691911754179
"404" 16160000 6.96968284972932 7.20844135643857 -2.66444029602584
"405" 16200000 6.93804549567037 7.20951501454263 -2.66641616895761
"406" 16240000 6.87489875390865 7.21058602490516 -2.67038700559498
"407" 16280000 6.83038290718924 7.21165440055318 -2.67320826167038
"408" 16320000 6.70596358473617 7.21272015441784 -2.6811921215655
"409" 16360000 6.62086717866886 7.2137832993353 -2.68673843674423
"410" 16400000 6.6612366373792 7.2148438480477 -2.68409845028044
"411" 16440000 6.54677358730339 7.21590181320403 -2.69162599072136
"412" 16480000 6.50387297621541 7.2169572073611 -2.69448126163624
"413" 16520000 6.43472487747692 7.21801004298436 -2.6991233293426
"414" 16560000 6.45927420507286 7.21906033244886 -2.69746959099132
"415" 16600000 6.48539170151714 7.22010808804005 -2.69571710080578
"416" 16640000 6.45508504957673 7.2211533219547 -2.69775134359612
"417" 16680000 6.52713170033486 7.22219604630172 -2.69293093662008
"418" 16720000 6.65542838420754 7.223236273103 -2.68447729775582
"419" 16760000 6.75381426043206 7.22427401429426 -2.67810419958063
"420" 16800000 6.69295652173644 7.22530928172586 -2.68203530854118
"421" 16840000 6.72882645576335 7.22634208716363 -2.67971398483501
"422" 16880000 6.57101747959094 7.22737244228964 -2.6900206898632
"423" 16920000 6.50724632029342 7.228400358703 -2.69425606582978
"424" 16960000 6.56224496685611 7.2294258479207 -2.69060087387389
"425" 17000000 6.72670768835365 7.23044892137827 -2.6798507566632
"426" 17040000 6.85071398822757 7.23146959043068 -2.67191747586959
"427" 17080000 6.77007487156766 7.23248786635299 -2.67705984066542
"428" 17120000 6.50251541666129 7.23350376034113 -2.69457192179608
"429" 17160000 6.51565299944211 7.23451728351269 -2.69369536505449
"430" 17200000 6.37767678259004 7.23552844690755 -2.70299080668224
"431" 17240000 6.33052501186102 7.23653726148869 -2.70621358330186
"432" 17280000 6.41694400945866 7.23754373814287 -2.70032506241851
"433" 17320000 6.62190236669497 7.23854788768133 -2.68667053909686
"434" 17360000 6.88129090824837 7.23954972084047 -2.66998339418438
"435" 17400000 7.15358076808463 7.2405492482826 -2.65312982736946
"436" 17440000 7.16270974258975 7.24154648059655 -2.65257595990115
"437" 17480000 7.10947432142384 7.24254142829838 -2.65581582238799
"438" 17520000 6.96812113428867 7.24353410183206 -2.66453762045396
"439" 17560000 6.67815730892639 7.24452451157008 -2.68299666735778
"440" 17600000 6.62461403135782 7.24551266781415 -2.68649273219565
"441" 17640000 6.51491268656944 7.2464985807958 -2.6937447126889
"442" 17680000 6.36344719777201 7.24748226067705 -2.7039608675254
"443" 17720000 6.36502983592462 7.24846371755103 -2.7038528685844
"444" 17760000 6.31282806205716 7.24944296144258 -2.70742935140081
"445" 17800000 6.38235518901988 7.25042000230889 -2.7026723425605
"446" 17840000 6.5531615870397 7.2513948500401 -2.69120243545657
"447" 17880000 6.3893687094399 7.2523675144599 -2.70219536176331
"448" 17920000 6.25466949785098 7.25333800532611 -2.71144894618435
"449" 17960000 6.09601179840928 7.25430633233129 -2.72260751344452
"450" 18000000 6.02703786260065 7.25527250510331 -2.72754939255544
"451" 18040000 5.95934031829378 7.25623653320592 -2.73245512506367
"452" 18080000 5.80634887319804 7.25719842613934 -2.74375018555553
"453" 18120000 5.69235322139864 7.25815819334079 -2.75236147127264
"454" 18160000 5.69703397071096 7.25911584418507 -2.75200450321498
"455" 18200000 5.72983515716179 7.26007138798508 -2.74951118448641
"456" 18240000 5.78895401012734 7.2610248339924 -2.74505321296037
"457" 18280000 5.87018123900909 7.26197619139781 -2.73900180223694
"458" 18320000 5.93011910226487 7.26292546933183 -2.73458989637321
"459" 18360000 6.01282821456429 7.26387267686522 -2.7285745160174
"460" 18400000 6.0595851257565 7.26481782300954 -2.72521042145167
"461" 18440000 6.08769267093808 7.26576091671761 -2.72320059278678
"462" 18480000 5.99808465336794 7.26670196688409 -2.72964072148531
"463" 18520000 5.94175512901025 7.26764098234592 -2.73373856258605
"464" 18560000 5.73590457968037 7.26857797188284 -2.74905139436124
"465" 18600000 5.58710091292182 7.26951294421792 -2.76046679676653
"466" 18640000 5.38292811737685 7.27044590801796 -2.77663473195732
"467" 18680000 5.41883523878891 7.27137687189407 -2.77374736595667
"468" 18720000 5.29902126026447 7.27230584440209 -2.78345765036808
"469" 18760000 5.08668400750917 7.27323283404305 -2.80121855288345
"470" 18800000 5.06844142626705 7.27415784926368 -2.80277888041323
"471" 18840000 5.12457600240839 7.27508089845686 -2.79799537380224
"472" 18880000 5.00795019595072 7.27600198996205 -2.80799331115725
"473" 18920000 4.99631266710933 7.27692113206577 -2.8090037038084
"474" 18960000 5.02016018919721 7.27783833300205 -2.80693573697671
"475" 19000000 5.0245070990733 7.27875360095283 -2.80655984815209
"476" 19040000 5.07525130648226 7.27966694404846 -2.8021957606516
"477" 19080000 5.12279777904663 7.28057837036808 -2.79814609975755
"478" 19120000 5.16878077367097 7.28148788794008 -2.79426519973516
"479" 19160000 5.20480164899208 7.28239550474253 -2.79124912879227
"480" 19200000 5.18776061809056 7.28330122870355 -2.79267338435682
"481" 19240000 5.26649981239654 7.28420506770179 -2.78613123927324
"482" 19280000 5.24534944663321 7.28510702956681 -2.78787888601174
"483" 19320000 5.12228474654706 7.28600712207947 -2.79818959519709
"484" 19360000 4.91605616023628 7.28690535297237 -2.81603647677062
"485" 19400000 4.64889233280529 7.28780172993023 -2.84030382417686
"486" 19440000 4.45097977451778 7.28869626059026 -2.85919769149339
"487" 19480000 4.2350124188705 7.2895889525426 -2.88079862411777
"488" 19520000 4.22794870207581 7.29047981333067 -2.88152360297427
"489" 19560000 4.38101762142543 7.29136885045158 -2.86607831231331
"490" 19600000 4.26382848783244 7.29225607135648 -2.87785358541553
"491" 19640000 4.42411152378646 7.29314148345093 -2.861827246117
"492" 19680000 4.60160269593859 7.29402509409532 -2.84474419351708
"493" 19720000 4.70812095493515 7.29490691060519 -2.83480570067873
"494" 19760000 4.81932183625351 7.29578694025161 -2.82466738269373
"495" 19800000 4.92373048423468 7.29666519026153 -2.81535903987874
"496" 19840000 5.07187520328287 7.29754166781816 -2.80248475341078
"497" 19880000 5.09094864421948 7.29841638006129 -2.80085459628129
"498" 19920000 5.17924461504972 7.29928933408768 -2.79338688914961
"499" 19960000 5.2336489855578 7.30016053695135 -2.78884872064343
"500" 20000000 5.24869477660704 7.30102999566398 -2.78760199402118
"501" 20040000 5.07693413018885 7.30189771719521 -2.80205178356193
"502" 20080000 5.23799353918912 7.30276370847298 -2.78848835391544
"503" 20120000 5.473925276446 7.30362797638389 -2.76935444768388
"504" 20160000 5.40801713503038 7.30449052777349 -2.77461525334782
"505" 20200000 5.53344860015102 7.30535136944662 -2.76465743215617
"506" 20240000 5.35499898895262 7.30621050816776 -2.77889391915264
"507" 20280000 5.20934160662694 7.3070679506613 -2.79087047475892
"508" 20320000 5.12162394177069 7.30792370361188 -2.79824562534674
"509" 20360000 5.03261498037195 7.30877777366472 -2.80585960630497
"510" 20400000 5.00673668910351 7.3096301674259 -2.80809856044484
"511" 20440000 4.74548377965717 7.31048089146268 -2.83137281903243
"512" 20480000 4.58811434782765 7.31132995230379 -2.84601907920362
"513" 20520000 4.8589640703216 7.31217735643978 -2.82110962464561
"514" 20560000 4.83723405344156 7.31302311032324 -2.82305621074083
"515" 20600000 4.9037378604588 7.31386722036915 -2.81712606631083
"516" 20640000 4.92919121959289 7.31470969295517 -2.81487764612624
"517" 20680000 4.91560637507134 7.3155505344219 -2.81607621353226
"518" 20720000 4.92652874976461 7.3163897510732 -2.81511229077653
"519" 20760000 4.92302782945805 7.31722734917642 -2.81542102151431
"520" 20800000 5.02168500443915 7.31806333496276 -2.80680384511066
"521" 20840000 5.17022876223542 7.31889771462749 -2.79414355298644
"522" 20880000 5.30771408233943 7.31973049433022 -2.78274579221708
"523" 20920000 5.38795754142394 7.32056168019524 -2.77622914761844
"524" 20960000 5.55672420710897 7.32139127831169 -2.76283447002881
"525" 21000000 5.68147059113178 7.32221929473392 -2.75319254933287
"526" 21040000 5.73195719142456 7.3230457354817 -2.7493503740733
"527" 21080000 5.78412658553618 7.32387060654051 -2.74541552340416
"528" 21120000 5.70353464345703 7.32469391386177 -2.75150922851355
"529" 21160000 5.62449339179798 7.32551566336315 -2.7575699014613
"530" 21200000 5.50702606119673 7.32633586092875 -2.76673618060244
"531" 21240000 5.20623671046049 7.32715451240943 -2.79112940215995
"532" 21280000 5.13264601150182 7.32797162362301 -2.79731199946627
"533" 21320000 4.92143276775306 7.32878720035453 -2.81556175578736
"534" 21360000 4.97770150001045 7.32960124835652 -2.81062446279636
"535" 21400000 4.84715933812223 7.33041377334919 -2.82216601603207
"536" 21440000 4.78546496218849 7.33122478102073 -2.82772917152704
"537" 21480000 4.73560147515507 7.33203427702752 -2.83227816515108
"538" 21520000 4.72698351661455 7.33284226699435 -2.83306922443931
"539" 21560000 4.85701533328453 7.3336487565147 -2.82128383780891
"540" 21600000 4.89445655003527 7.33445375115093 -2.81794883486154
"541" 21640000 4.83900529523191 7.33525725643453 -2.8228972149747
"542" 21680000 4.82760664759143 7.33605927786635 -2.82392143568308
"543" 21720000 4.64010327320641 7.33685982091681 -2.84112566571623
"544" 21760000 4.6378727948412 7.33765889102614 -2.84133447946129
"545" 21800000 NA 7.33845649360461 NA
"546" 21840000 4.43528445278508 7.3392526340327 -2.86073183419589
"547" 21880000 4.3500665172369 7.34004731766139 -2.86915741448456
"548" 21920000 NA 7.34084054981233 NA
"549" 21960000 NA 7.34163233577805 NA
"550" 22000000 NA 7.34242268082221 NA
"551" 22040000 NA 7.34321159017975 NA
"552" 22080000 NA 7.34399906905716 NA
"553" 22120000 NA 7.34478512263266 NA
"554" 22160000 NA 7.34556975605639 NA
"555" 22200000 NA 7.34635297445064 NA
"556" 22240000 NA 7.34713478291002 NA
"557" 22280000 NA 7.34791518650169 NA
"558" 22320000 NA 7.34869419026554 NA
"559" 22360000 NA 7.34947179921439 NA
"560" 22400000 NA 7.35024801833416 NA
"561" 22440000 NA 7.35102285258412 NA
"562" 22480000 NA 7.35179630689702 NA
"563" 22520000 NA 7.35256838617931 NA
"564" 22560000 NA 7.3533390953113 NA
"565" 22600000 NA 7.3541084391474 NA
"566" 22640000 NA 7.35487642251623 NA
"567" 22680000 NA 7.35564305022087 NA
"568" 22720000 NA 7.35640832703898 NA
"569" 22760000 NA 7.35717225772303 NA
"570" 22800000 NA 7.35793484700045 NA
"571" 22840000 NA 7.35869609957381 NA
"572" 22880000 NA 7.35945602012099 NA
"573" 22920000 NA 7.36021461329535 NA
"574" 22960000 NA 7.36097188372594 NA
"575" 23000000 NA 7.36172783601759 NA
"576" 23040000 NA 7.36248247475117 NA
"577" 23080000 NA 7.36323580448369 NA
"578" 23120000 NA 7.36398782974849 NA
"579" 23160000 NA 7.3647385550554 NA
"580" 23200000 NA 7.3654879848909 NA
"581" 23240000 NA 7.36623612371829 NA
"582" 23280000 NA 7.36698297597785 NA
"583" 23320000 NA 7.36772854608698 NA
"584" 23360000 NA 7.36847283844036 NA
"585" 23400000 NA 7.36921585741014 NA
"586" 23440000 NA 7.36995760734605 NA
"587" 23480000 NA 7.37069809257558 NA
"588" 23520000 NA 7.3714373174041 NA
"589" 23560000 NA 7.37217528611506 NA
"590" 23600000 NA 7.37291200297011 NA
"591" 23640000 NA 7.37364747220922 NA
"592" 23680000 NA 7.37438169805088 NA
"593" 23720000 NA 7.37511468469222 NA
"594" 23760000 NA 7.37584643630916 NA
"595" 23800000 NA 7.37657695705651 NA
"596" 23840000 NA 7.3773062510682 NA
"597" 23880000 NA 7.37803432245733 NA
"598" 23920000 NA 7.37876117531637 NA
"599" 23960000 NA 7.37948681371727 NA
"600" 24000000 NA 7.38021124171161 NA
"601" 24040000 NA 7.3809344633307 NA
"602" 24080000 NA 7.38165648258579 NA
"603" 24120000 NA 7.38237730346811 NA
"604" 24160000 NA 7.38309692994909 NA
"605" 24200000 NA 7.38381536598043 NA
"606" 24240000 NA 7.38453261549425 NA
"607" 24280000 NA 7.38524868240322 NA
"608" 24320000 NA 7.3859635706007 NA
"609" 24360000 NA 7.38667728396084 NA
"610" 24400000 NA 7.38738982633873 NA
"611" 24440000 NA 7.38810120157052 NA
"612" 24480000 NA 7.38881141347352 NA
"613" 24520000 NA 7.38952046584638 NA
"614" 24560000 NA 7.39022836246913 NA
"615" 24600000 NA 7.39093510710338 NA
"616" 24640000 NA 7.39164070349239 NA
"617" 24680000 NA 7.3923451553612 NA
"618" 24720000 NA 7.39304846641678 NA
"619" 24760000 NA 7.39375064034808 NA
"620" 24800000 NA 7.39445168082622 NA
"621" 24840000 NA 7.39515159150454 NA
"622" 24880000 NA 7.39585037601878 NA
"623" 24920000 NA 7.39654803798713 NA
"624" 24960000 NA 7.39724458101039 NA
"625" 25000000 NA 7.39794000867204 NA
"626" 25040000 NA 7.39863432453839 NA
"627" 25080000 NA 7.39932753215868 NA
"628" 25120000 NA 7.40001963506516 NA
"629" 25160000 NA 7.40071063677323 NA
"630" 25200000 NA 7.40140054078154 NA
"631" 25240000 NA 7.4020893505721 NA
"632" 25280000 NA 7.40277706961035 NA
"633" 25320000 NA 7.40346370134532 NA
"634" 25360000 NA 7.40414924920969 NA
"635" 25400000 NA 7.40483371661994 NA
"636" 25440000 NA 7.40551710697638 NA
"637" 25480000 NA 7.40619942366331 NA
"638" 25520000 NA 7.40688067004912 NA
"639" 25560000 NA 7.40756084948636 NA
"640" 25600000 NA 7.40823996531185 NA
"641" 25640000 NA 7.40891802084678 NA
"642" 25680000 NA 7.40959501939682 NA
"643" 25720000 NA 7.41027096425218 NA
"644" 25760000 NA 7.41094585868777 NA
"645" 25800000 NA 7.41161970596323 NA
"646" 25840000 NA 7.41229250932305 NA
"647" 25880000 NA 7.41296427199666 NA
"648" 25920000 NA 7.41363499719856 NA
"649" 25960000 NA 7.41430468812833 NA
"650" 26000000 NA 7.41497334797082 NA
"651" 26040000 NA 7.41564097989615 NA
"652" 26080000 NA 7.41630758705988 NA
"653" 26120000 NA 7.41697317260304 NA
"654" 26160000 NA 7.41763773965223 NA
"655" 26200000 NA 7.41830129131975 NA
"656" 26240000 NA 7.41896383070362 NA
"657" 26280000 NA 7.41962536088774 NA
"658" 26320000 NA 7.42028588494192 NA
"659" 26360000 NA 7.42094540592197 NA
"660" 26400000 NA 7.42160392686983 NA
"661" 26440000 NA 7.4222614508136 NA
"662" 26480000 NA 7.42291798076766 NA
"663" 26520000 NA 7.42357351973274 NA
"664" 26560000 NA 7.42422807069598 NA
"665" 26600000 NA 7.42488163663107 NA
"666" 26640000 NA 7.42553422049826 NA
"667" 26680000 NA 7.42618582524451 NA
"668" 26720000 NA 7.42683645380351 NA
"669" 26760000 NA 7.42748610909579 NA
"670" 26800000 NA 7.42813479402879 NA
"671" 26840000 NA 7.42878251149695 NA
"672" 26880000 NA 7.42942926438179 NA
"673" 26920000 NA 7.43007505555194 NA
"674" 26960000 NA 7.43071988786328 NA
"675" 27000000 NA 7.43136376415899 NA
"676" 27040000 NA 7.4320066872696 NA
"677" 27080000 NA 7.43264866001311 NA
"678" 27120000 NA 7.43328968519503 NA
"679" 27160000 NA 7.43392976560846 NA
"680" 27200000 NA 7.4345689040342 NA
"681" 27240000 NA 7.43520710324075 NA
"682" 27280000 NA 7.43584436598444 NA
"683" 27320000 NA 7.43648069500949 NA
"684" 27360000 NA 7.43711609304808 NA
"685" 27400000 NA 7.43775056282039 NA
"686" 27440000 NA 7.43838410703471 NA
"687" 27480000 NA 7.43901672838751 NA
"688" 27520000 NA 7.43964842956347 NA
"689" 27560000 NA 7.44027921323559 NA
"690" 27600000 NA 7.44090908206522 NA
"691" 27640000 NA 7.44153803870216 NA
"692" 27680000 NA 7.44216608578472 NA
"693" 27720000 NA 7.44279322593977 NA
"694" 27760000 NA 7.44341946178282 NA
"695" 27800000 NA 7.44404479591808 NA
"696" 27840000 NA 7.44466923093852 NA
"697" 27880000 NA 7.44529276942597 NA
"698" 27920000 NA 7.44591541395112 NA
"699" 27960000 NA 7.44653716707364 NA
"700" 28000000 NA 7.44715803134222 NA
"701" 28040000 NA 7.44777800929462 NA
"702" 28080000 NA 7.44839710345777 NA
"703" 28120000 NA 7.44901531634779 NA
"704" 28160000 NA 7.44963265047007 NA
"705" 28200000 NA 7.45024910831936 NA
"706" 28240000 NA 7.45086469237977 NA
"707" 28280000 NA 7.45147940512486 NA
"708" 28320000 NA 7.45209324901773 NA
"709" 28360000 NA 7.45270622651103 NA
"710" 28400000 NA 7.45331834004704 NA
"711" 28440000 NA 7.45392959205773 NA
"712" 28480000 NA 7.45453998496482 NA
"713" 28520000 NA 7.45514952117983 NA
"714" 28560000 NA 7.45575820310414 NA
"715" 28600000 NA 7.45636603312904 NA
"716" 28640000 NA 7.45697301363582 NA
"717" 28680000 NA 7.45757914699576 NA
"718" 28720000 NA 7.45818443557026 NA
"719" 28760000 NA 7.45878888171084 NA
"720" 28800000 NA 7.45939248775923 NA
"721" 28840000 NA 7.45999525604739 NA
"722" 28880000 NA 7.4605971888976 NA
"723" 28920000 NA 7.46119828862249 NA
"724" 28960000 NA 7.46179855752511 NA
"725" 29000000 NA 7.46239799789896 NA
"726" 29040000 NA 7.46299661202806 NA
"727" 29080000 NA 7.463594402187 NA
"728" 29120000 NA 7.464191370641 NA
"729" 29160000 NA 7.46478751964594 NA
"730" 29200000 NA 7.46538285144842 NA
"731" 29240000 NA 7.46597736828582 NA
"732" 29280000 NA 7.46657107238635 NA
"733" 29320000 NA 7.46716396596909 NA
"734" 29360000 NA 7.46775605124403 NA
"735" 29400000 NA 7.46834733041216 NA
"736" 29440000 NA 7.46893780566546 NA
"737" 29480000 NA 7.46952747918701 NA
"738" 29520000 NA 7.470116353151 NA
"739" 29560000 NA 7.47070442972279 NA
"740" 29600000 NA 7.47129171105894 NA
"741" 29640000 NA 7.47187819930729 NA
"742" 29680000 NA 7.47246389660699 NA
"743" 29720000 NA 7.47304880508854 NA
"744" 29760000 NA 7.47363292687384 NA
"745" 29800000 NA 7.47421626407626 NA
"746" 29840000 NA 7.47479881880063 NA
"747" 29880000 NA 7.47538059314336 NA
"748" 29920000 NA 7.47596158919242 NA
"749" 29960000 NA 7.47654180902743 NA
"750" 30000000 NA 7.47712125471966 NA
"751" 30040000 NA 7.47769992833213 NA
"752" 30080000 NA 7.4782778319196 NA
"753" 30120000 NA 7.47885496752866 NA
"754" 30160000 NA 7.47943133719774 NA
"755" 30200000 5.57966944857014 7.48000694295715 -2.76104484114863
"756" 30240000 5.78873104635944 7.48058178682917 -2.74506994029983
"757" 30280000 5.96929574496619 7.48115587082803 -2.73173021605484
"758" 30320000 6.066041753742 7.48172919696002 -2.72474791700572
"759" 30360000 6.13429764289562 7.48230176722344 -2.71988846771826
"760" 30400000 6.26073385709817 7.48287358360875 -2.71102806994268
"761" 30440000 6.28073209941878 7.48344464809854 -2.709643043076
"762" 30480000 6.28798681514836 7.48401496266756 -2.70914168993405
"763" 30520000 6.33233337348862 7.48458452928284 -2.7060895415638
"764" 30560000 6.33080431477878 7.48515334990365 -2.70619442264142
"765" 30600000 6.32113756888334 7.48572142648158 -2.70685807020729
"766" 30640000 6.39284938366586 7.48628876096057 -2.70195883980194
"767" 30680000 6.34131593135403 7.48685535527694 -2.70547392156774
"768" 30720000 6.42854484179933 7.48742121135947 -2.69954063468686
"769" 30760000 6.28609845053274 7.48798633112939 -2.70927213383056
"770" 30800000 6.27495687719605 7.48855071650044 -2.71004256672216
"771" 30840000 6.2343715403664 7.48911436937892 -2.71286063162349
"772" 30880000 6.20135300818402 7.4896772916637 -2.71516685832845
"773" 30920000 6.30688982987849 7.49023948524629 -2.70783806761458
"774" 30960000 6.27973018036607 7.49080095201086 -2.70971232841075
"775" 31000000 6.20468699832927 7.49136169383427 -2.71493343435805
"776" 31040000 6.17768799161448 7.49192171258615 -2.71682734214633
"777" 31080000 6.1684971594081 7.49248101012888 -2.71747394324615
"778" 31120000 6.20150193547894 7.49303958831765 -2.71515642874548
"779" 31160000 6.31177173877401 7.49359744900053 -2.70750202782324
"780" 31200000 6.32517788401884 7.49415459401844 -2.706580568569
"781" 31240000 6.30661382795328 7.49471102520526 -2.70785707361266
"782" 31280000 6.39364165132188 7.49526674438781 -2.70190502089717
"783" 31320000 6.43728308669066 7.49582175338591 -2.69895070419153
"784" 31360000 6.45262256287579 7.4963760540124 -2.69791704992153
"785" 31400000 6.48028567323933 7.49692964807322 -2.69605916083952
"786" 31440000 6.4838882085205 7.49748253736737 -2.69581779393901
"787" 31480000 6.49136715677696 7.49803472368703 -2.69531713846419
"788" 31520000 6.51451392509216 7.49858620881752 -2.69377129557921
"789" 31560000 6.52805304563852 7.49913699453738 -2.69286963757456
"790" 31600000 6.5336954804695 7.4996870826184 -2.69249442311394
"791" 31640000 6.68819922537965 7.50023647482564 -2.6823441111114
"792" 31680000 6.71567574698961 7.50078517291746 -2.68056359339454
"793" 31720000 6.71811799627485 7.50133317864557 -2.68040568485136
"794" 31760000 6.74086259429446 7.50188049375506 -2.67893783775109
"795" 31800000 6.76023838410053 7.50242711998443 -2.67769130172625
"796" 31840000 6.76730503167762 7.50297305906563 -2.67723755987038
"797" 31880000 6.79513916034933 7.50351831272407 -2.67545495707532
"798" 31920000 6.78590197347461 7.50406288267869 -2.67604573062016
"799" 31960000 6.79299816437882 7.50460677064195 -2.67559181508923
"800" 32000000 6.77648670134711 7.50514997831991 -2.67664872194942
"801" 32040000 6.73228812025691 7.5056925074122 -2.67949061821668
"802" 32080000 6.65873274130765 7.50623435961213 -2.68426172817231
"803" 32120000 6.61743982649427 7.50677553660664 -2.68696331144605
"804" 32160000 6.49973650583471 7.50731604007641 -2.69475756127811
"805" 32200000 NA 7.50785587169583 NA
"806" 32240000 NA 7.50839503313305 NA
"807" 32280000 NA 7.50893352605003 NA
"808" 32320000 NA 7.50947135210255 NA
"809" 32360000 NA 7.51000851294023 NA
"810" 32400000 NA 7.51054501020661 NA
"811" 32440000 NA 7.51108084553912 NA
"812" 32480000 NA 7.51161602056914 NA
"813" 32520000 NA 7.51215053692203 NA
"814" 32560000 NA 7.51268439621716 NA
"815" 32600000 NA 7.51321760006794 NA
"816" 32640000 NA 7.51375015008182 NA
"817" 32680000 NA 7.51428204786038 NA
"818" 32720000 NA 7.51481329499929 NA
"819" 32760000 NA 7.51534389308838 NA
"820" 32800000 NA 7.51587384371168 NA
"821" 32840000 NA 7.5164031484474 NA
"822" 32880000 NA 7.51693180886801 NA
"823" 32920000 NA 7.51745982654023 NA
"824" 32960000 NA 7.51798720302508 NA
"825" 33000000 NA 7.51851393987789 NA
"826" 33040000 NA 7.51904003864834 NA
"827" 33080000 NA 7.51956550088051 NA
"828" 33120000 NA 7.52009032811284 NA
"829" 33160000 NA 7.52061452187824 NA
"830" 33200000 NA 7.52113808370404 NA
"831" 33240000 NA 7.52166101511207 NA
"832" 33280000 NA 7.52218331761869 NA
"833" 33320000 NA 7.52270499273475 NA
"834" 33360000 NA 7.5232260419657 NA
"835" 33400000 NA 7.52374646681156 NA
"836" 33440000 NA 7.52426626876698 NA
"837" 33480000 NA 7.52478544932122 NA
"838" 33520000 NA 7.52530400995824 NA
"839" 33560000 NA 7.52582195215666 NA
"840" 33600000 NA 7.52633927738984 NA
"841" 33640000 NA 7.52685598712587 NA
"842" 33680000 NA 7.52737208282761 NA
"843" 33720000 NA 7.5278875659527 NA
"844" 33760000 NA 7.52840243795362 NA
"845" 33800000 NA 7.52891670027766 NA
"846" 33840000 NA 7.52943035436699 NA
"847" 33880000 NA 7.52994340165867 NA
"848" 33920000 NA 7.53045584358468 NA
"849" 33960000 NA 7.53096768157191 NA
"850" 34000000 NA 7.53147891704226 NA
"851" 34040000 NA 7.53198955141255 NA
"852" 34080000 NA 7.53249958609466 NA
"853" 34120000 NA 7.53300902249549 NA
"854" 34160000 NA 7.53351786201697 NA
"855" 34200000 NA 7.53402610605614 NA
"856" 34240000 NA 7.53453375600512 NA
"857" 34280000 NA 7.53504081325116 NA
"858" 34320000 NA 7.53554727917667 NA
"859" 34360000 NA 7.5360531551592 NA
"860" 34400000 NA 7.53655844257153 NA
"861" 34440000 NA 7.53706314278162 NA
"862" 34480000 NA 7.53756725715268 NA
"863" 34520000 NA 7.53807078704317 NA
"864" 34560000 NA 7.53857373380686 NA
"865" 34600000 NA 7.53907609879278 NA
"866" 34640000 NA 7.53957788334531 NA
"867" 34680000 NA 7.54007908880417 NA
"868" 34720000 NA 7.54057971650445 NA
"869" 34760000 NA 7.54107976777663 NA
"870" 34800000 NA 7.54157924394658 NA
"871" 34840000 NA 7.54207814633563 NA
"872" 34880000 NA 7.54257647626053 NA
"873" 34920000 NA 7.54307423503353 NA
"874" 34960000 NA 7.54357142396237 NA
"875" 35000000 NA 7.54406804435028 NA
"876" 35040000 NA 7.54456409749604 NA
"877" 35080000 NA 7.545059584694 NA
"878" 35120000 NA 7.54555450723406 NA
