"realInteractionDistance" "loessExpectedValue" "loggendist" "loginteraction"
"1" 40000 1806.88014816448 4.60205999132796 0
"2" 80000 1521.54984552154 4.90308998699194 -0.0746431621230914
"3" 120000 1249.19499658715 5.07918124604763 -0.16029911033097
"4" 160000 988.31044966735 5.20411998265593 -0.262035959109289
"5" 200000 792.095207969074 5.30102999566398 -0.358151960513005
"6" 240000 659.625081572515 5.38021124171161 -0.437632185516512
"7" 280000 568.732014066325 5.44715803134222 -0.502021670924215
"8" 320000 498.490586687479 5.50514997831991 -0.55927238474054
"9" 360000 442.53159712489 5.55630250076729 -0.610985061279781
"10" 400000 396.354411305503 5.60205999132796 -0.658845650285304
"11" 440000 357.189480542368 5.64345267648619 -0.70403068625288
"12" 480000 322.42480891116 5.68124123737559 -0.748500895289638
"13" 520000 292.957321473443 5.7160033436348 -0.790124990213722
"14" 560000 267.457626909117 5.7481880270062 -0.829674359517679
"15" 600000 244.925060038417 5.77815125038364 -0.867896123229276
"16" 640000 225.655860016917 5.80617997398389 -0.9034827302899
"17" 680000 208.892417573268 5.83250891270624 -0.937006670266857
"18" 720000 194.179842916211 5.85733249643127 -0.96872520098405
"19" 760000 180.870853235413 5.88081359228079 -0.999560759089478
"20" 800000 169.31746804846 5.90308998699194 -1.02822758094175
"21" 840000 158.265430463614 5.92427928606188 -1.0575432830842
"22" 880000 148.578031112388 5.94448267215017 -1.08497474742828
"23" 920000 139.591861523709 5.96378782734556 -1.11206924759418
"24" 960000 130.940254970133 5.98227123303957 -1.13985616415285
"25" 1000000 122.4006979394 6 -1.16914545220729
"26" 1040000 115.407125075886 6.01703333929878 -1.19469672402212
"27" 1080000 108.126392339715 6.03342375548695 -1.22299763350521
"28" 1120000 101.702747258467 6.04921802267018 -1.24959666189228
"29" 1160000 96.5825682506455 6.06445798922692 -1.27203059676027
"30" 1200000 91.5311275048337 6.07918124604763 -1.29536053425846
"31" 1240000 86.6739067030906 6.09342168516223 -1.31904097419749
"32" 1280000 82.3474543913197 6.10720996964787 -1.34127916805036
"33" 1320000 78.5457003856186 6.12057393120585 -1.36180692978775
"34" 1360000 75.2605022783271 6.13353890837022 -1.38036223399305
"35" 1400000 71.5026319646101 6.14612803567824 -1.40260731822065
"36" 1440000 68.6500889244144 6.15836249209525 -1.42028824228157
"37" 1480000 66.554549692086 6.17026171539496 -1.43375159706189
"38" 1520000 64.9373906951285 6.18184358794477 -1.4444345125264
"39" 1560000 63.7457368399944 6.19312459835446 -1.45247820089135
"40" 1600000 61.57312791622 6.20411998265593 -1.46753813008782
"41" 1640000 59.5080044588409 6.2148438480477 -1.48235395952897
"42" 1680000 57.4671349397345 6.22530928172586 -1.49750980076066
"43" 1720000 55.6954441131628 6.23552844690755 -1.51110967506686
"44" 1760000 53.9227167877671 6.24551266781415 -1.52515758127514
"45" 1800000 52.0973934812164 6.25527250510331 -1.54011335103706
"46" 1840000 50.4318338369707 6.26481782300954 -1.55422458584829
"47" 1880000 49.1758392810754 6.27415784926368 -1.56517756567642
"48" 1920000 47.3327220835735 6.28330122870355 -1.58176786514204
"49" 1960000 45.2270747753 6.29225607135648 -1.6015308473214
"50" 2000000 43.5382595574998 6.30102999566398 -1.61805828228428
"51" 2040000 42.6338670736742 6.3096301674259 -1.62717461961218
"52" 2080000 41.6534162150914 6.31806333496276 -1.63727872043731
"53" 2120000 41.059081449385 6.32633586092875 -1.64352011705669
"54" 2160000 40.6546553130114 6.33445375115093 -1.64781906312087
"55" 2200000 40.2441180207429 6.34242268082221 -1.65222693245775
"56" 2240000 39.4644630057737 6.35024801833416 -1.6607231486862
"57" 2280000 38.3314986312021 6.35793484700045 -1.67337354738555
"58" 2320000 36.7991723894829 6.3654879848909 -1.69109129487439
"59" 2360000 35.5515078804112 6.37291200297011 -1.70607132080132
"60" 2400000 34.8434565734721 6.38021124171161 -1.71480811464477
"61" 2440000 34.4411258084684 6.38738982633873 -1.71985200721553
"62" 2480000 34.0915984715431 6.39445168082622 -1.72428198169799
"63" 2520000 33.5547506112436 6.40140054078154 -1.73117533104848
"64" 2560000 33.0764455642984 6.40823996531185 -1.73741051284232
"65" 2600000 32.6943751560945 6.41497334797082 -1.74245630472073
"66" 2640000 31.9773524111099 6.42160392686983 -1.75208684324754
"67" 2680000 31.1600730183197 6.42813479402879 -1.7633308797119
"68" 2720000 30.2719986496944 6.4345689040342 -1.77588825105905
"69" 2760000 29.3387338391554 6.44090908206522 -1.78948797918275
"70" 2800000 28.4922762289493 6.44715803134222 -1.80220220028669
"71" 2840000 27.9976934561642 6.45331834004704 -1.80980709222797
"72" 2880000 27.7437435012096 6.45939248775923 -1.8137642857699
"73" 2920000 27.6478068194388 6.46538285144842 -1.81526866009866
"74" 2960000 27.476667640237 6.47129171105894 -1.81796528589648
"75" 3000000 26.9239973140536 6.47712125471966 -1.82678980784935
"76" 3040000 26.3283499258618 6.48287358360875 -1.83650570494597
"77" 3080000 26.0261277743968 6.48855071650044 -1.84151978879922
"78" 3120000 25.6018109053169 6.49415459401844 -1.84865866084799
"79" 3160000 25.1153385129774 6.4996870826184 -1.85699031030664
"80" 3200000 24.7058458186069 6.50514997831991 -1.8641296196115
"81" 3240000 24.3460929473802 6.51054501020661 -1.87050007069534
"82" 3280000 23.7597243961716 6.51587384371168 -1.88108794772228
"83" 3320000 23.0942820309591 6.52113808370404 -1.89342488122642
"84" 3360000 22.3733129873506 6.52633927738984 -1.90719904824897
"85" 3400000 21.9708743373875 6.53147891704226 -1.91508200626803
"86" 3440000 21.7583851529135 6.53655844257153 -1.91930268632021
"87" 3480000 21.7719090500891 6.54157924394658 -1.91903283498042
"88" 3520000 21.4372421098865 6.54654266347813 -1.9257604335549
"89" 3560000 21.0827191056494 6.55144999797287 -1.9330027239088
"90" 3600000 20.8691490216243 6.55630250076729 -1.93742460614765
"91" 3640000 20.2990893758326 6.56110138364906 -1.94945279065912
"92" 3680000 19.4076893073854 6.56584781867352 -1.96895551533717
"93" 3720000 18.4504648455951 6.5705429398819 -1.99092203405272
"94" 3760000 18.0299543099415 6.57518784492766 -2.00093472023902
"95" 3800000 17.8557809040745 6.57978359661681 -2.00515049804545
"96" 3840000 17.5500784269658 6.58433122436753 -2.01265028484776
"97" 3880000 17.3713609188794 6.58883172559421 -2.01709550283742
"98" 3920000 17.3013689975433 6.59328606702046 -2.01884887769865
"99" 3960000 16.99722605021 6.59769518592551 -2.02655129617079
"100" 4000000 16.821917735939 6.60205999132796 -2.03105384159009
"101" 4040000 16.6563237710551 6.6063813651106 -2.03535019220238
"102" 4080000 16.4080912780042 6.61066016308988 -2.04187128306697
"103" 4120000 16.2827273756927 6.61489721603313 -2.04520219493374
"104" 4160000 15.9800990493493 6.61909333062674 -2.05334987953759
"105" 4200000 15.5182539946193 6.6232492903979 -2.06608649051481
"106" 4240000 15.0955536866247 6.62736585659273 -2.07808029936189
"107" 4280000 14.7300131825471 6.63144376901317 -2.08872621089636
"108" 4320000 14.5299677053974 6.63548374681491 -2.09466469738139
"109" 4360000 14.2302166510144 6.63948648926859 -2.10371783426372
"110" 4400000 13.9825408876017 6.64345267648619 -2.11134324844713
"111" 4440000 13.9129258967335 6.64738297011462 -2.11351087441939
"112" 4480000 13.8143323041896 6.65127801399814 -2.11659944764577
"113" 4520000 13.6772426730466 6.65513843481138 -2.12093079380382
"114" 4560000 13.6991631644435 6.65896484266444 -2.12023530802345
"115" 4600000 13.7271281401088 6.66275783168157 -2.11934965865204
"116" 4640000 13.7128285601396 6.66651798055488 -2.11980229998119
"117" 4680000 13.578588579711 6.67024585307412 -2.12407471666302
"118" 4720000 13.4118085058592 6.67394199863409 -2.12944200247525
"119" 4760000 13.2503973434258 6.67760695272049 -2.13470044462872
"120" 4800000 13.0695290260055 6.68124123737559 -2.14066940879697
"121" 4840000 12.6414637309531 6.68484536164441 -2.15513198342185
"122" 4880000 12.417217097936 6.68841982200271 -2.16290507218114
"123" 4920000 12.2532838838872 6.69196510276736 -2.16867685105289
"124" 4960000 11.9991231372641 6.6954816764902 -2.17777983624123
"125" 5000000 11.8533243807572 6.69897000433602 -2.18308917684391
"126" 5040000 11.7800090015267 6.70243053644553 -2.18578372409753
"127" 5080000 11.8127413172113 6.70586371228392 -2.18457865279295
"128" 5120000 11.7236434437841 6.70926996097583 -2.18786674482653
"129" 5160000 11.557749275953 6.71264970162721 -2.19405607739369
"130" 5200000 11.4373051084961 6.7160033436348 -2.19860563964248
"131" 5240000 11.2542909735786 6.71933128698373 -2.2056112069977
"132" 5280000 11.0671339895323 6.72263392253381 -2.21289417843728
"133" 5320000 10.9386468302643 6.72591163229505 -2.21796574566331
"134" 5360000 10.7863020007933 6.72916478969277 -2.22405677067148
"135" 5400000 10.8254815664653 6.73239375982297 -2.22248212156744
"136" 5440000 10.7893079987411 6.73559889969818 -2.2239357554761
"137" 5480000 10.6403256882158 6.73878055848437 -2.2299744249882
"138" 5520000 10.4681359952188 6.7419390777292 -2.23705999033259
"139" 5560000 10.4603979474063 6.74507479158206 -2.23738113959493
"140" 5600000 10.4900558964315 6.7481880270062 -2.23615154406386
"141" 5640000 10.5229792568351 6.75127910398334 -2.23479063210182
"142" 5680000 10.3472033431939 6.75434833571102 -2.24210636248457
"143" 5720000 10.134570514583 6.75739602879302 -2.25112399763216
"144" 5760000 10.0438045392812 6.76042248342321 -2.25503109401434
"145" 5800000 9.96084248386631 6.76342799356294 -2.25863327398696
"146" 5840000 9.69370833535965 6.7664128471124 -2.27043939789317
"147" 5880000 9.6696968056002 6.76937732607614 -2.27151648946315
"148" 5920000 9.72369328391954 6.77232170672292 -2.2690980950447
"149" 5960000 9.72384009781813 6.77524625974024 -2.26909153786701
"150" 6000000 9.63524899047722 6.77815125038364 -2.27306640439772
"151" 6040000 9.5773382037935 6.78103693862113 -2.27568452251091
"152" 6080000 9.51003457220589 6.78390357927274 -2.27874725066047
"153" 6120000 9.46860708436573 6.78675142214556 -2.28064325125625
"154" 6160000 9.33288299133505 6.78958071216443 -2.28691352540367
"155" 6200000 9.24199073334998 6.79239168949825 -2.29116381767906
"156" 6240000 9.34694486946072 6.79518458968242 -2.28625966528523
"157" 6280000 9.32642937469471 6.7979596437372 -2.28721394056924
"158" 6320000 9.40544366322953 6.80071707828238 -2.28355005997815
"159" 6360000 9.40463971296058 6.80345711564841 -2.28358718380782
"160" 6400000 9.29051005015962 6.80617997398389 -2.28888978893937
"161" 6440000 9.06379218975875 6.80888586735981 -2.29961940673294
"162" 6480000 9.01956241618948 6.81157500587059 -2.30174387813995
"163" 6520000 8.77957750850205 6.81424759573192 -2.31345572915192
"164" 6560000 8.77363648592097 6.81690383937566 -2.31374970989222
"165" 6600000 8.52547152642287 6.81954393554187 -2.32621093813885
"166" 6640000 8.28235052232782 6.82216807936802 -2.33877573981595
"167" 6680000 8.24358301877599 6.82477646247555 -2.34081333045639
"168" 6720000 8.16743091556162 6.82736927305382 -2.34484387673748
"169" 6760000 8.03356568075207 6.82994669594164 -2.35202099767268
"170" 6800000 8.17984013444813 6.83250891270624 -2.34418453043977
"171" 6840000 8.16081929867881 6.83505610172012 -2.34519558483209
"172" 6880000 8.22311010141194 6.83758843823551 -2.3418932412261
"173" 6920000 8.37154795002692 6.84010609445676 -2.33412357730457
"174" 6960000 8.20985767341575 6.84260923961056 -2.34259371817915
"175" 7000000 8.13491656105813 6.84509804001426 -2.34657624362358
"176" 7040000 7.95543566432361 6.84757265914211 -2.35626537846246
"177" 7080000 7.79251608973433 6.85003325768977 -2.36525163874175
"178" 7120000 7.81330800413193 6.85247999363686 -2.36409440167697
"179" 7160000 7.87915614695656 6.85491302230786 -2.36044963911516
"180" 7200000 7.88515426896605 6.85733249643127 -2.36011915191369
"181" 7240000 7.92664918708314 6.85973856619715 -2.35783970853641
"182" 7280000 7.79410615024143 6.86213137931304 -2.36516303012651
"183" 7320000 7.79361701667814 6.86451108105839 -2.36519028593613
"184" 7360000 7.77242708726819 6.8668778143375 -2.36637268976818
"185" 7400000 7.60742698252389 6.86923171973098 -2.3756915537964
"186" 7440000 7.42213178689459 6.87157293554588 -2.3864006850226
"187" 7480000 7.46892102275878 6.87390159786446 -2.38367147922616
"188" 7520000 7.60142631863614 6.87621784059164 -2.37603425620766
"189" 7560000 7.88397661224072 6.87852179550121 -2.36018401913081
"190" 7600000 7.93980525728535 6.88081359228079 -2.35711949596191
"191" 7640000 7.96869202080443 6.88309335857569 -2.3555423041549
"192" 7680000 7.98512371175093 6.88536122003151 -2.35464769745398
"193" 7720000 7.85053903143301 6.88761730033574 -2.36202986923799
"194" 7760000 7.61062549019095 6.88986172125819 -2.37550899505532
"195" 7800000 7.57027644245061 6.89209460269048 -2.37781760756402
"196" 7840000 7.36944616662346 6.89431606268444 -2.3894944957026
"197" 7880000 7.43235194701599 6.89652621748955 -2.38580307962281
"198" 7920000 7.63542401057704 6.89872518158949 -2.37409618709344
"199" 7960000 7.80151787687983 6.90091306773767 -2.36475023840786
"200" 8000000 7.9932734946473 6.90308998699194 -2.35420467353841
"201" 8040000 8.09759807944176 6.90525604874845 -2.34857312944834
"202" 8080000 8.22526638961424 6.90741136077459 -2.3417793741738
"203" 8120000 8.30214425818308 6.90955602924118 -2.33773907099322
"204" 8160000 8.15949101524403 6.91169015875386 -2.34526627787117
"205" 8200000 7.89560896525777 6.91381385238372 -2.35954371490772
"206" 8240000 7.82464554682139 6.91592721169712 -2.36346467310347
"207" 8280000 7.73499453070149 6.91803033678488 -2.36846933545632
"208" 8320000 7.72399860560433 6.92012332629072 -2.36908715970353
"209" 8360000 7.64136519560891 6.92220627743902 -2.37375839045691
"210" 8400000 7.64979282767482 6.92427928606188 -2.37327967269509
"211" 8440000 7.76671016589345 6.92634244662565 -2.36669224773052
"212" 8480000 7.71595646346809 6.92839585225671 -2.36953957789421
"213" 8520000 7.41724551908542 6.9304395947667 -2.38668669152807
"214" 8560000 7.30753303257955 6.93247376467715 -2.39315855921336
"215" 8600000 7.1956778404208 6.93449845124357 -2.39985763521206
"216" 8640000 7.17820518726289 6.93651374247889 -2.4009134780311
"217" 8680000 7.28176657436331 6.93851972517649 -2.39469259341073
"218" 8720000 7.35476556356104 6.94051648493257 -2.39036051245522
"219" 8760000 7.74096433389494 6.94250410616808 -2.36813427993747
"220" 8800000 7.96087471406352 6.94448267215017 -2.35596855723635
"221" 8840000 8.05635351778692 6.94645226501307 -2.35079083133391
"222" 8880000 8.22825163347879 6.9484129657786 -2.34162178174282
"223" 8920000 8.25535814437032 6.95036485437612 -2.34019342728963
"224" 8960000 8.27558429334659 6.95230800966212 -2.33913067974127
"225" 9000000 8.14096562233217 6.95424250943933 -2.34625342560077
"226" 9040000 7.85966538668276 6.95616843047536 -2.36152528940373
"227" 9080000 7.68216867002165 6.95808584852109 -2.37144550808678
"228" 9120000 7.56465848193764 6.95999483832842 -2.37814002049471
"229" 9160000 7.31280213860972 6.96189547366785 -2.39284552346613
"230" 9200000 7.19671705087809 6.96378782734556 -2.39979491828811
"231" 9240000 7.16028743289386 6.96567197122011 -2.40199889002066
"232" 9280000 7.08948371780139 6.96754797621886 -2.40631473699066
"233" 9320000 6.84397307260532 6.96941591235398 -2.42162105425413
"234" 9360000 6.54602702358433 6.97127584873811 -2.44095155256026
"235" 9400000 6.42342373171277 6.9731278535997 -2.44916277449973
"236" 9440000 6.35546241505558 6.97497199429807 -2.45378219167589
"237" 9480000 6.55596604796773 6.97680833733807 -2.44029265062838
"238" 9520000 6.64113054000155 6.97863694838447 -2.43468732946679
"239" 9560000 6.62123813352846 6.9804578922761 -2.43599013879962
"240" 9600000 6.76132314987244 6.98227123303957 -2.42689765335787
"241" 9640000 6.79255388399658 6.98407703390283 -2.42489625413224
"242" 9680000 6.71329215246229 6.98587535730839 -2.42999379896438
"243" 9720000 6.62023269577543 6.98766626492627 -2.43605609160418
"244" 9760000 6.52513574499285 6.98944981766669 -2.44233979550366
"245" 9800000 6.18088503750908 6.9912260756925 -2.46587868048065
"246" 9840000 6.13536864609967 6.99299509843134 -2.46908868380259
"247" 9880000 6.04915894663588 6.99475694458763 -2.47523435030606
"248" 9920000 5.74149108536577 6.99651167215418 -2.49790465156283
"249" 9960000 5.72994969091611 6.9982593384237 -2.49877853753965
"250" 10000000 5.5056007294532 7 -2.5161246335909
"251" 10040000 5.36652063283125 7.001733712809 -2.52723654296332
"252" 10080000 5.33056262667221 7.00346053210951 -2.5301562963383
"253" 10120000 5.23846503985937 7.00518051250378 -2.53772529651959
"254" 10160000 5.16141377437836 7.0068937079479 -2.5441606699146
"255" 10200000 4.9913274987005 7.00860017176192 -2.55871328000638
"256" 10240000 NA 7.01029995663981 NA
"257" 10280000 NA 7.01199311465926 NA
"258" 10320000 NA 7.01367969729119 NA
"259" 10360000 NA 7.01535975540921 NA
"260" 10400000 NA 7.01703333929878 NA
"261" 10440000 NA 7.01870049866624 NA
"262" 10480000 NA 7.02036128264771 NA
"263" 10520000 NA 7.02201573981772 NA
"264" 10560000 NA 7.02366391819779 NA
"265" 10600000 NA 7.02530586526477 NA
"266" 10640000 NA 7.02694162795903 NA
"267" 10680000 NA 7.02857125269254 NA
"268" 10720000 NA 7.03019478535675 NA
"269" 10760000 NA 7.03181227133037 NA
"270" 10800000 NA 7.03342375548695 NA
"271" 10840000 NA 7.03502928220237 NA
"272" 10880000 NA 7.03662889536216 NA
"273" 10920000 NA 7.03822263836872 NA
"274" 10960000 NA 7.03981055414835 NA
"275" 11000000 NA 7.04139268515823 NA
"276" 11040000 NA 7.04296907339318 NA
"277" 11080000 NA 7.04453976039241 NA
"278" 11120000 NA 7.04610478724604 NA
"279" 11160000 NA 7.04766419460156 NA
"280" 11200000 NA 7.04921802267018 NA
"281" 11240000 NA 7.05076631123304 NA
"282" 11280000 NA 7.05230909964732 NA
"283" 11320000 NA 7.05384642685225 NA
"284" 11360000 NA 7.055378331375 NA
"285" 11400000 NA 7.05690485133647 NA
"286" 11440000 NA 7.05842602445701 NA
"287" 11480000 NA 7.05994188806195 NA
"288" 11520000 NA 7.06145247908719 NA
"289" 11560000 NA 7.06295783408451 NA
"290" 11600000 NA 7.06445798922692 NA
"291" 11640000 NA 7.06595298031387 NA
"292" 11680000 NA 7.06744284277638 NA
"293" 11720000 NA 7.06892761168207 NA
"294" 11760000 NA 7.07040732174012 NA
"295" 11800000 NA 7.07188200730613 NA
"296" 11840000 NA 7.0733517023869 NA
"297" 11880000 NA 7.07481644064517 NA
"298" 11920000 NA 7.07627625540422 NA
"299" 11960000 NA 7.07773117965239 NA
"300" 12000000 NA 7.07918124604763 NA
"301" 12040000 NA 7.08062648692181 NA
"302" 12080000 NA 7.08206693428511 NA
"303" 12120000 NA 7.08350261983027 NA
"304" 12160000 NA 7.08493357493672 NA
"305" 12200000 NA 7.08635983067475 NA
"306" 12240000 NA 7.08778141780954 NA
"307" 12280000 NA 7.08919836680515 NA
"308" 12320000 NA 7.09061070782841 NA
"309" 12360000 NA 7.0920184707528 NA
"310" 12400000 NA 7.09342168516223 NA
"311" 12440000 NA 7.0948203803548 NA
"312" 12480000 NA 7.0962145853464 NA
"313" 12520000 NA 7.09760432887441 NA
"314" 12560000 NA 7.09898963940118 NA
"315" 12600000 NA 7.10037054511756 NA
"316" 12640000 NA 7.10174707394637 NA
"317" 12680000 NA 7.10311925354571 NA
"318" 12720000 NA 7.10448711131239 NA
"319" 12760000 NA 7.10585067438514 NA
"320" 12800000 NA 7.10720996964787 NA
"321" 12840000 NA 7.10856502373283 NA
"322" 12880000 NA 7.10991586302379 NA
"323" 12920000 NA 7.11126251365907 NA
"324" 12960000 NA 7.11260500153457 NA
"325" 13000000 NA 7.11394335230684 NA
"326" 13040000 NA 7.1152775913959 NA
"327" 13080000 NA 7.11660774398825 NA
"328" 13120000 NA 7.11793383503964 NA
"329" 13160000 NA 7.11925588927794 NA
"330" 13200000 NA 7.12057393120585 NA
"331" 13240000 NA 7.12188798510368 NA
"332" 13280000 NA 7.123198075032 NA
"333" 13320000 NA 7.12450422483428 NA
"334" 13360000 NA 7.12580645813953 NA
"335" 13400000 NA 7.12710479836481 NA
"336" 13440000 NA 7.12839926871781 NA
"337" 13480000 NA 7.1296898921993 NA
"338" 13520000 NA 7.13097669160562 NA
"339" 13560000 NA 7.13225968953104 NA
"340" 13600000 NA 7.13353890837022 NA
"341" 13640000 NA 7.13481437032046 NA
"342" 13680000 NA 7.1360860973841 NA
"343" 13720000 NA 7.13735411137073 NA
"344" 13760000 NA 7.13861843389949 NA
"345" 13800000 NA 7.13987908640124 NA
"346" 13840000 NA 7.14113609012074 NA
"347" 13880000 NA 7.14238946611884 NA
"348" 13920000 NA 7.14363923527454 NA
"349" 13960000 NA 7.14488541828714 NA
"350" 14000000 NA 7.14612803567824 NA
"351" 14040000 NA 7.14736710779379 NA
"352" 14080000 NA 7.14860265480609 NA
"353" 14120000 NA 7.14983469671578 NA
"354" 14160000 NA 7.15106325335375 NA
"355" 14200000 NA 7.15228834438306 NA
"356" 14240000 NA 7.15350998930084 NA
"357" 14280000 NA 7.15472820744016 NA
"358" 14320000 NA 7.15594301797184 NA
"359" 14360000 NA 7.15715443990628 NA
"360" 14400000 NA 7.15836249209525 NA
"361" 14440000 NA 7.15956719323362 NA
"362" 14480000 NA 7.16076856186113 NA
"363" 14520000 NA 7.16196661636407 NA
"364" 14560000 NA 7.16316137497702 NA
"365" 14600000 NA 7.16435285578444 NA
"366" 14640000 NA 7.16554107672237 NA
"367" 14680000 NA 7.16672605558005 NA
"368" 14720000 NA 7.16790781000148 NA
"369" 14760000 NA 7.16908635748702 NA
"370" 14800000 NA 7.17026171539496 NA
"371" 14840000 NA 7.17143390094301 NA
"372" 14880000 NA 7.17260293120986 NA
"373" 14920000 NA 7.17376882313665 NA
"374" 14960000 NA 7.17493159352844 NA
"375" 15000000 NA 7.17609125905568 NA
"376" 15040000 NA 7.17724783625562 NA
"377" 15080000 NA 7.17840134153376 NA
"378" 15120000 NA 7.17955179116519 NA
"379" 15160000 NA 7.18069920129603 NA
"380" 15200000 NA 7.18184358794477 NA
"381" 15240000 NA 7.18298496700358 NA
"382" 15280000 NA 7.18412335423967 NA
"383" 15320000 NA 7.18525876529659 NA
"384" 15360000 NA 7.18639121569549 NA
"385" 15400000 NA 7.18752072083646 NA
"386" 15440000 NA 7.18864729599972 NA
"387" 15480000 NA 7.18977095634687 NA
"388" 15520000 NA 7.19089171692217 NA
"389" 15560000 NA 7.19200959265367 NA
"390" 15600000 NA 7.19312459835446 NA
"391" 15640000 NA 7.19423674872383 NA
"392" 15680000 NA 7.19534605834842 NA
"393" 15720000 NA 7.19645254170339 NA
"394" 15760000 NA 7.19755621315354 NA
"395" 15800000 NA 7.19865708695442 NA
"396" 15840000 NA 7.19975517725347 NA
"397" 15880000 NA 7.20085049809108 NA
"398" 15920000 NA 7.20194306340165 NA
"399" 15960000 NA 7.20303288701471 NA
"400" 16000000 NA 7.20411998265593 NA
"401" 16040000 NA 7.20520436394814 NA
"402" 16080000 NA 7.20628604441243 NA
"403" 16120000 NA 7.20736503746907 NA
"404" 16160000 NA 7.20844135643857 NA
"405" 16200000 NA 7.20951501454263 NA
"406" 16240000 NA 7.21058602490516 NA
"407" 16280000 NA 7.21165440055318 NA
"408" 16320000 NA 7.21272015441784 NA
"409" 16360000 NA 7.2137832993353 NA
"410" 16400000 NA 7.2148438480477 NA
"411" 16440000 NA 7.21590181320403 NA
"412" 16480000 NA 7.2169572073611 NA
"413" 16520000 NA 7.21801004298436 NA
"414" 16560000 NA 7.21906033244886 NA
"415" 16600000 NA 7.22010808804005 NA
"416" 16640000 NA 7.2211533219547 NA
"417" 16680000 NA 7.22219604630172 NA
"418" 16720000 NA 7.223236273103 NA
"419" 16760000 NA 7.22427401429426 NA
"420" 16800000 NA 7.22530928172586 NA
"421" 16840000 NA 7.22634208716363 NA
"422" 16880000 NA 7.22737244228964 NA
"423" 16920000 NA 7.228400358703 NA
"424" 16960000 NA 7.2294258479207 NA
"425" 17000000 NA 7.23044892137827 NA
"426" 17040000 NA 7.23146959043068 NA
"427" 17080000 NA 7.23248786635299 NA
"428" 17120000 NA 7.23350376034113 NA
"429" 17160000 NA 7.23451728351269 NA
"430" 17200000 NA 7.23552844690755 NA
"431" 17240000 NA 7.23653726148869 NA
"432" 17280000 NA 7.23754373814287 NA
"433" 17320000 NA 7.23854788768133 NA
"434" 17360000 NA 7.23954972084047 NA
"435" 17400000 NA 7.2405492482826 NA
"436" 17440000 NA 7.24154648059655 NA
"437" 17480000 NA 7.24254142829838 NA
"438" 17520000 NA 7.24353410183206 NA
"439" 17560000 NA 7.24452451157008 NA
"440" 17600000 NA 7.24551266781415 NA
"441" 17640000 NA 7.2464985807958 NA
"442" 17680000 NA 7.24748226067705 NA
"443" 17720000 NA 7.24846371755103 NA
"444" 17760000 NA 7.24944296144258 NA
"445" 17800000 NA 7.25042000230889 NA
"446" 17840000 NA 7.2513948500401 NA
"447" 17880000 NA 7.2523675144599 NA
"448" 17920000 NA 7.25333800532611 NA
"449" 17960000 NA 7.25430633233129 NA
"450" 18000000 NA 7.25527250510331 NA
"451" 18040000 NA 7.25623653320592 NA
"452" 18080000 NA 7.25719842613934 NA
"453" 18120000 NA 7.25815819334079 NA
"454" 18160000 NA 7.25911584418507 NA
"455" 18200000 NA 7.26007138798508 NA
"456" 18240000 NA 7.2610248339924 NA
"457" 18280000 NA 7.26197619139781 NA
"458" 18320000 NA 7.26292546933183 NA
"459" 18360000 NA 7.26387267686522 NA
"460" 18400000 NA 7.26481782300954 NA
"461" 18440000 NA 7.26576091671761 NA
"462" 18480000 NA 7.26670196688409 NA
"463" 18520000 NA 7.26764098234592 NA
"464" 18560000 NA 7.26857797188284 NA
"465" 18600000 NA 7.26951294421792 NA
"466" 18640000 NA 7.27044590801796 NA
"467" 18680000 NA 7.27137687189407 NA
"468" 18720000 NA 7.27230584440209 NA
"469" 18760000 NA 7.27323283404305 NA
"470" 18800000 NA 7.27415784926368 NA
"471" 18840000 NA 7.27508089845686 NA
"472" 18880000 NA 7.27600198996205 NA
"473" 18920000 NA 7.27692113206577 NA
"474" 18960000 NA 7.27783833300205 NA
"475" 19000000 NA 7.27875360095283 NA
"476" 19040000 NA 7.27966694404846 NA
"477" 19080000 NA 7.28057837036808 NA
"478" 19120000 NA 7.28148788794008 NA
"479" 19160000 NA 7.28239550474253 NA
"480" 19200000 NA 7.28330122870355 NA
"481" 19240000 NA 7.28420506770179 NA
"482" 19280000 NA 7.28510702956681 NA
"483" 19320000 NA 7.28600712207947 NA
"484" 19360000 NA 7.28690535297237 NA
"485" 19400000 NA 7.28780172993023 NA
"486" 19440000 NA 7.28869626059026 NA
"487" 19480000 NA 7.2895889525426 NA
"488" 19520000 NA 7.29047981333067 NA
"489" 19560000 NA 7.29136885045158 NA
"490" 19600000 NA 7.29225607135648 NA
"491" 19640000 NA 7.29314148345093 NA
"492" 19680000 NA 7.29402509409532 NA
"493" 19720000 NA 7.29490691060519 NA
"494" 19760000 NA 7.29578694025161 NA
"495" 19800000 NA 7.29666519026153 NA
"496" 19840000 NA 7.29754166781816 NA
"497" 19880000 NA 7.29841638006129 NA
"498" 19920000 NA 7.29928933408768 NA
"499" 19960000 NA 7.30016053695135 NA
"500" 20000000 NA 7.30102999566398 NA
"501" 20040000 NA 7.30189771719521 NA
"502" 20080000 NA 7.30276370847298 NA
"503" 20120000 NA 7.30362797638389 NA
"504" 20160000 NA 7.30449052777349 NA
"505" 20200000 NA 7.30535136944662 NA
"506" 20240000 NA 7.30621050816776 NA
"507" 20280000 NA 7.3070679506613 NA
"508" 20320000 NA 7.30792370361188 NA
"509" 20360000 NA 7.30877777366472 NA
"510" 20400000 NA 7.3096301674259 NA
"511" 20440000 NA 7.31048089146268 NA
"512" 20480000 NA 7.31132995230379 NA
"513" 20520000 NA 7.31217735643978 NA
"514" 20560000 NA 7.31302311032324 NA
"515" 20600000 NA 7.31386722036915 NA
"516" 20640000 NA 7.31470969295517 NA
"517" 20680000 NA 7.3155505344219 NA
"518" 20720000 NA 7.3163897510732 NA
"519" 20760000 NA 7.31722734917642 NA
"520" 20800000 NA 7.31806333496276 NA
"521" 20840000 NA 7.31889771462749 NA
"522" 20880000 NA 7.31973049433022 NA
"523" 20920000 NA 7.32056168019524 NA
"524" 20960000 NA 7.32139127831169 NA
"525" 21000000 NA 7.32221929473392 NA
"526" 21040000 NA 7.3230457354817 NA
"527" 21080000 NA 7.32387060654051 NA
"528" 21120000 NA 7.32469391386177 NA
"529" 21160000 NA 7.32551566336315 NA
"530" 21200000 NA 7.32633586092875 NA
"531" 21240000 NA 7.32715451240943 NA
"532" 21280000 NA 7.32797162362301 NA
"533" 21320000 NA 7.32878720035453 NA
"534" 21360000 NA 7.32960124835652 NA
"535" 21400000 NA 7.33041377334919 NA
"536" 21440000 NA 7.33122478102073 NA
"537" 21480000 NA 7.33203427702752 NA
"538" 21520000 NA 7.33284226699435 NA
"539" 21560000 NA 7.3336487565147 NA
"540" 21600000 NA 7.33445375115093 NA
"541" 21640000 NA 7.33525725643453 NA
"542" 21680000 NA 7.33605927786635 NA
"543" 21720000 NA 7.33685982091681 NA
"544" 21760000 NA 7.33765889102614 NA
"545" 21800000 NA 7.33845649360461 NA
"546" 21840000 NA 7.3392526340327 NA
"547" 21880000 NA 7.34004731766139 NA
"548" 21920000 NA 7.34084054981233 NA
"549" 21960000 NA 7.34163233577805 NA
"550" 22000000 NA 7.34242268082221 NA
"551" 22040000 NA 7.34321159017975 NA
"552" 22080000 NA 7.34399906905716 NA
"553" 22120000 NA 7.34478512263266 NA
"554" 22160000 NA 7.34556975605639 NA
"555" 22200000 NA 7.34635297445064 NA
"556" 22240000 NA 7.34713478291002 NA
"557" 22280000 NA 7.34791518650169 NA
"558" 22320000 NA 7.34869419026554 NA
"559" 22360000 NA 7.34947179921439 NA
"560" 22400000 NA 7.35024801833416 NA
"561" 22440000 NA 7.35102285258412 NA
"562" 22480000 NA 7.35179630689702 NA
"563" 22520000 NA 7.35256838617931 NA
"564" 22560000 NA 7.3533390953113 NA
"565" 22600000 NA 7.3541084391474 NA
"566" 22640000 NA 7.35487642251623 NA
"567" 22680000 NA 7.35564305022087 NA
"568" 22720000 NA 7.35640832703898 NA
"569" 22760000 NA 7.35717225772303 NA
"570" 22800000 NA 7.35793484700045 NA
"571" 22840000 NA 7.35869609957381 NA
"572" 22880000 NA 7.35945602012099 NA
"573" 22920000 NA 7.36021461329535 NA
"574" 22960000 NA 7.36097188372594 NA
"575" 23000000 NA 7.36172783601759 NA
"576" 23040000 NA 7.36248247475117 NA
"577" 23080000 NA 7.36323580448369 NA
"578" 23120000 NA 7.36398782974849 NA
"579" 23160000 NA 7.3647385550554 NA
"580" 23200000 NA 7.3654879848909 NA
"581" 23240000 NA 7.36623612371829 NA
"582" 23280000 NA 7.36698297597785 NA
"583" 23320000 NA 7.36772854608698 NA
"584" 23360000 NA 7.36847283844036 NA
"585" 23400000 NA 7.36921585741014 NA
"586" 23440000 NA 7.36995760734605 NA
"587" 23480000 NA 7.37069809257558 NA
"588" 23520000 NA 7.3714373174041 NA
"589" 23560000 NA 7.37217528611506 NA
"590" 23600000 NA 7.37291200297011 NA
"591" 23640000 NA 7.37364747220922 NA
"592" 23680000 NA 7.37438169805088 NA
"593" 23720000 NA 7.37511468469222 NA
"594" 23760000 NA 7.37584643630916 NA
"595" 23800000 NA 7.37657695705651 NA
"596" 23840000 NA 7.3773062510682 NA
"597" 23880000 NA 7.37803432245733 NA
"598" 23920000 NA 7.37876117531637 NA
"599" 23960000 NA 7.37948681371727 NA
"600" 24000000 NA 7.38021124171161 NA
"601" 24040000 NA 7.3809344633307 NA
"602" 24080000 NA 7.38165648258579 NA
"603" 24120000 NA 7.38237730346811 NA
"604" 24160000 NA 7.38309692994909 NA
"605" 24200000 NA 7.38381536598043 NA
"606" 24240000 NA 7.38453261549425 NA
"607" 24280000 NA 7.38524868240322 NA
"608" 24320000 NA 7.3859635706007 NA
"609" 24360000 NA 7.38667728396084 NA
"610" 24400000 NA 7.38738982633873 NA
"611" 24440000 NA 7.38810120157052 NA
"612" 24480000 NA 7.38881141347352 NA
"613" 24520000 NA 7.38952046584638 NA
"614" 24560000 NA 7.39022836246913 NA
"615" 24600000 NA 7.39093510710338 NA
"616" 24640000 NA 7.39164070349239 NA
"617" 24680000 NA 7.3923451553612 NA
"618" 24720000 NA 7.39304846641678 NA
"619" 24760000 NA 7.39375064034808 NA
"620" 24800000 NA 7.39445168082622 NA
"621" 24840000 NA 7.39515159150454 NA
"622" 24880000 NA 7.39585037601878 NA
"623" 24920000 NA 7.39654803798713 NA
"624" 24960000 NA 7.39724458101039 NA
"625" 25000000 NA 7.39794000867204 NA
"626" 25040000 NA 7.39863432453839 NA
"627" 25080000 NA 7.39932753215868 NA
"628" 25120000 NA 7.40001963506516 NA
"629" 25160000 NA 7.40071063677323 NA
"630" 25200000 NA 7.40140054078154 NA
"631" 25240000 NA 7.4020893505721 NA
"632" 25280000 NA 7.40277706961035 NA
"633" 25320000 NA 7.40346370134532 NA
"634" 25360000 NA 7.40414924920969 NA
"635" 25400000 NA 7.40483371661994 NA
"636" 25440000 NA 7.40551710697638 NA
"637" 25480000 NA 7.40619942366331 NA
"638" 25520000 NA 7.40688067004912 NA
"639" 25560000 NA 7.40756084948636 NA
"640" 25600000 NA 7.40823996531185 NA
"641" 25640000 NA 7.40891802084678 NA
"642" 25680000 NA 7.40959501939682 NA
"643" 25720000 NA 7.41027096425218 NA
"644" 25760000 NA 7.41094585868777 NA
"645" 25800000 NA 7.41161970596323 NA
"646" 25840000 NA 7.41229250932305 NA
"647" 25880000 NA 7.41296427199666 NA
"648" 25920000 NA 7.41363499719856 NA
"649" 25960000 NA 7.41430468812833 NA
"650" 26000000 NA 7.41497334797082 NA
"651" 26040000 NA 7.41564097989615 NA
"652" 26080000 NA 7.41630758705988 NA
"653" 26120000 NA 7.41697317260304 NA
"654" 26160000 NA 7.41763773965223 NA
"655" 26200000 NA 7.41830129131975 NA
"656" 26240000 NA 7.41896383070362 NA
"657" 26280000 NA 7.41962536088774 NA
"658" 26320000 NA 7.42028588494192 NA
"659" 26360000 NA 7.42094540592197 NA
"660" 26400000 NA 7.42160392686983 NA
"661" 26440000 NA 7.4222614508136 NA
"662" 26480000 NA 7.42291798076766 NA
"663" 26520000 NA 7.42357351973274 NA
"664" 26560000 NA 7.42422807069598 NA
"665" 26600000 NA 7.42488163663107 NA
"666" 26640000 NA 7.42553422049826 NA
"667" 26680000 NA 7.42618582524451 NA
"668" 26720000 NA 7.42683645380351 NA
"669" 26760000 NA 7.42748610909579 NA
"670" 26800000 NA 7.42813479402879 NA
"671" 26840000 NA 7.42878251149695 NA
"672" 26880000 NA 7.42942926438179 NA
"673" 26920000 NA 7.43007505555194 NA
"674" 26960000 NA 7.43071988786328 NA
"675" 27000000 NA 7.43136376415899 NA
"676" 27040000 NA 7.4320066872696 NA
"677" 27080000 NA 7.43264866001311 NA
"678" 27120000 NA 7.43328968519503 NA
"679" 27160000 NA 7.43392976560846 NA
"680" 27200000 NA 7.4345689040342 NA
"681" 27240000 NA 7.43520710324075 NA
"682" 27280000 NA 7.43584436598444 NA
"683" 27320000 NA 7.43648069500949 NA
"684" 27360000 NA 7.43711609304808 NA
"685" 27400000 NA 7.43775056282039 NA
"686" 27440000 NA 7.43838410703471 NA
"687" 27480000 NA 7.43901672838751 NA
"688" 27520000 NA 7.43964842956347 NA
"689" 27560000 NA 7.44027921323559 NA
"690" 27600000 NA 7.44090908206522 NA
"691" 27640000 NA 7.44153803870216 NA
"692" 27680000 NA 7.44216608578472 NA
"693" 27720000 NA 7.44279322593977 NA
"694" 27760000 NA 7.44341946178282 NA
"695" 27800000 NA 7.44404479591808 NA
"696" 27840000 NA 7.44466923093852 NA
"697" 27880000 NA 7.44529276942597 NA
"698" 27920000 NA 7.44591541395112 NA
"699" 27960000 NA 7.44653716707364 NA
"700" 28000000 NA 7.44715803134222 NA
"701" 28040000 NA 7.44777800929462 NA
"702" 28080000 NA 7.44839710345777 NA
"703" 28120000 NA 7.44901531634779 NA
"704" 28160000 NA 7.44963265047007 NA
"705" 28200000 NA 7.45024910831936 NA
"706" 28240000 NA 7.45086469237977 NA
"707" 28280000 NA 7.45147940512486 NA
"708" 28320000 NA 7.45209324901773 NA
"709" 28360000 NA 7.45270622651103 NA
"710" 28400000 NA 7.45331834004704 NA
"711" 28440000 NA 7.45392959205773 NA
"712" 28480000 NA 7.45453998496482 NA
"713" 28520000 NA 7.45514952117983 NA
"714" 28560000 NA 7.45575820310414 NA
"715" 28600000 NA 7.45636603312904 NA
"716" 28640000 NA 7.45697301363582 NA
"717" 28680000 NA 7.45757914699576 NA
"718" 28720000 NA 7.45818443557026 NA
"719" 28760000 NA 7.45878888171084 NA
"720" 28800000 NA 7.45939248775923 NA
"721" 28840000 NA 7.45999525604739 NA
"722" 28880000 NA 7.4605971888976 NA
"723" 28920000 NA 7.46119828862249 NA
"724" 28960000 NA 7.46179855752511 NA
"725" 29000000 NA 7.46239799789896 NA
"726" 29040000 NA 7.46299661202806 NA
"727" 29080000 NA 7.463594402187 NA
"728" 29120000 NA 7.464191370641 NA
"729" 29160000 NA 7.46478751964594 NA
"730" 29200000 NA 7.46538285144842 NA
"731" 29240000 NA 7.46597736828582 NA
"732" 29280000 NA 7.46657107238635 NA
"733" 29320000 NA 7.46716396596909 NA
"734" 29360000 NA 7.46775605124403 NA
"735" 29400000 NA 7.46834733041216 NA
"736" 29440000 NA 7.46893780566546 NA
"737" 29480000 NA 7.46952747918701 NA
"738" 29520000 NA 7.470116353151 NA
"739" 29560000 NA 7.47070442972279 NA
"740" 29600000 NA 7.47129171105894 NA
"741" 29640000 NA 7.47187819930729 NA
"742" 29680000 NA 7.47246389660699 NA
"743" 29720000 NA 7.47304880508854 NA
"744" 29760000 NA 7.47363292687384 NA
"745" 29800000 NA 7.47421626407626 NA
"746" 29840000 NA 7.47479881880063 NA
"747" 29880000 NA 7.47538059314336 NA
"748" 29920000 NA 7.47596158919242 NA
"749" 29960000 NA 7.47654180902743 NA
"750" 30000000 NA 7.47712125471966 NA
"751" 30040000 NA 7.47769992833213 NA
"752" 30080000 NA 7.4782778319196 NA
"753" 30120000 NA 7.47885496752866 NA
"754" 30160000 NA 7.47943133719774 NA
"755" 30200000 NA 7.48000694295715 NA
"756" 30240000 NA 7.48058178682917 NA
"757" 30280000 NA 7.48115587082803 NA
"758" 30320000 NA 7.48172919696002 NA
"759" 30360000 NA 7.48230176722344 NA
"760" 30400000 NA 7.48287358360875 NA
"761" 30440000 NA 7.48344464809854 NA
"762" 30480000 NA 7.48401496266756 NA
"763" 30520000 NA 7.48458452928284 NA
"764" 30560000 NA 7.48515334990365 NA
"765" 30600000 NA 7.48572142648158 NA
"766" 30640000 NA 7.48628876096057 NA
"767" 30680000 NA 7.48685535527694 NA
"768" 30720000 NA 7.48742121135947 NA
"769" 30760000 NA 7.48798633112939 NA
"770" 30800000 NA 7.48855071650044 NA
"771" 30840000 NA 7.48911436937892 NA
"772" 30880000 NA 7.4896772916637 NA
"773" 30920000 NA 7.49023948524629 NA
"774" 30960000 NA 7.49080095201086 NA
"775" 31000000 NA 7.49136169383427 NA
"776" 31040000 NA 7.49192171258615 NA
"777" 31080000 NA 7.49248101012888 NA
"778" 31120000 NA 7.49303958831765 NA
"779" 31160000 NA 7.49359744900053 NA
"780" 31200000 NA 7.49415459401844 NA
"781" 31240000 NA 7.49471102520526 NA
"782" 31280000 NA 7.49526674438781 NA
"783" 31320000 NA 7.49582175338591 NA
"784" 31360000 NA 7.4963760540124 NA
"785" 31400000 NA 7.49692964807322 NA
"786" 31440000 NA 7.49748253736737 NA
"787" 31480000 NA 7.49803472368703 NA
"788" 31520000 NA 7.49858620881752 NA
"789" 31560000 NA 7.49913699453738 NA
"790" 31600000 NA 7.4996870826184 NA
"791" 31640000 NA 7.50023647482564 NA
"792" 31680000 NA 7.50078517291746 NA
"793" 31720000 NA 7.50133317864557 NA
"794" 31760000 NA 7.50188049375506 NA
"795" 31800000 NA 7.50242711998443 NA
"796" 31840000 NA 7.50297305906563 NA
"797" 31880000 NA 7.50351831272407 NA
"798" 31920000 NA 7.50406288267869 NA
"799" 31960000 NA 7.50460677064195 NA
"800" 32000000 NA 7.50514997831991 NA
"801" 32040000 NA 7.5056925074122 NA
"802" 32080000 NA 7.50623435961213 NA
"803" 32120000 NA 7.50677553660664 NA
"804" 32160000 NA 7.50731604007641 NA
"805" 32200000 NA 7.50785587169583 NA
"806" 32240000 NA 7.50839503313305 NA
"807" 32280000 NA 7.50893352605003 NA
"808" 32320000 NA 7.50947135210255 NA
"809" 32360000 NA 7.51000851294023 NA
"810" 32400000 NA 7.51054501020661 NA
"811" 32440000 NA 7.51108084553912 NA
"812" 32480000 NA 7.51161602056914 NA
"813" 32520000 NA 7.51215053692203 NA
"814" 32560000 NA 7.51268439621716 NA
"815" 32600000 NA 7.51321760006794 NA
"816" 32640000 NA 7.51375015008182 NA
"817" 32680000 NA 7.51428204786038 NA
"818" 32720000 NA 7.51481329499929 NA
"819" 32760000 NA 7.51534389308838 NA
"820" 32800000 NA 7.51587384371168 NA
"821" 32840000 NA 7.5164031484474 NA
"822" 32880000 NA 7.51693180886801 NA
"823" 32920000 NA 7.51745982654023 NA
"824" 32960000 NA 7.51798720302508 NA
"825" 33000000 NA 7.51851393987789 NA
"826" 33040000 NA 7.51904003864834 NA
"827" 33080000 NA 7.51956550088051 NA
"828" 33120000 NA 7.52009032811284 NA
"829" 33160000 NA 7.52061452187824 NA
"830" 33200000 NA 7.52113808370404 NA
"831" 33240000 NA 7.52166101511207 NA
"832" 33280000 NA 7.52218331761869 NA
"833" 33320000 NA 7.52270499273475 NA
"834" 33360000 NA 7.5232260419657 NA
"835" 33400000 NA 7.52374646681156 NA
"836" 33440000 NA 7.52426626876698 NA
"837" 33480000 NA 7.52478544932122 NA
"838" 33520000 NA 7.52530400995824 NA
"839" 33560000 NA 7.52582195215666 NA
"840" 33600000 NA 7.52633927738984 NA
"841" 33640000 NA 7.52685598712587 NA
"842" 33680000 NA 7.52737208282761 NA
"843" 33720000 NA 7.5278875659527 NA
"844" 33760000 NA 7.52840243795362 NA
"845" 33800000 NA 7.52891670027766 NA
"846" 33840000 NA 7.52943035436699 NA
"847" 33880000 NA 7.52994340165867 NA
"848" 33920000 NA 7.53045584358468 NA
"849" 33960000 NA 7.53096768157191 NA
"850" 34000000 NA 7.53147891704226 NA
"851" 34040000 NA 7.53198955141255 NA
"852" 34080000 NA 7.53249958609466 NA
"853" 34120000 NA 7.53300902249549 NA
"854" 34160000 NA 7.53351786201697 NA
"855" 34200000 NA 7.53402610605614 NA
"856" 34240000 NA 7.53453375600512 NA
"857" 34280000 NA 7.53504081325116 NA
"858" 34320000 NA 7.53554727917667 NA
"859" 34360000 NA 7.5360531551592 NA
"860" 34400000 NA 7.53655844257153 NA
"861" 34440000 NA 7.53706314278162 NA
"862" 34480000 NA 7.53756725715268 NA
"863" 34520000 NA 7.53807078704317 NA
"864" 34560000 NA 7.53857373380686 NA
"865" 34600000 NA 7.53907609879278 NA
"866" 34640000 NA 7.53957788334531 NA
"867" 34680000 NA 7.54007908880417 NA
"868" 34720000 NA 7.54057971650445 NA
"869" 34760000 NA 7.54107976777663 NA
"870" 34800000 NA 7.54157924394658 NA
"871" 34840000 NA 7.54207814633563 NA
"872" 34880000 NA 7.54257647626053 NA
"873" 34920000 NA 7.54307423503353 NA
"874" 34960000 NA 7.54357142396237 NA
"875" 35000000 NA 7.54406804435028 NA
"876" 35040000 NA 7.54456409749604 NA
"877" 35080000 NA 7.545059584694 NA
"878" 35120000 NA 7.54555450723406 NA
"879" 35160000 NA 7.54604886640173 NA
"880" 35200000 NA 7.54654266347813 NA
"881" 35240000 NA 7.54703589974001 NA
"882" 35280000 NA 7.54752857645978 NA
"883" 35320000 NA 7.54802069490553 NA
"884" 35360000 NA 7.54851225634104 NA
"885" 35400000 NA 7.54900326202579 NA
"886" 35440000 NA 7.54949371321501 NA
"887" 35480000 NA 7.54998361115969 NA
"888" 35520000 NA 7.55047295710656 NA
"889" 35560000 NA 7.55096175229818 NA
"890" 35600000 NA 7.55144999797287 NA
"891" 35640000 NA 7.55193769536484 NA
"892" 35680000 NA 7.55242484570409 NA
"893" 35720000 NA 7.55291145021651 NA
"894" 35760000 NA 7.55339751012388 NA
"895" 35800000 NA 7.55388302664387 NA
"896" 35840000 NA 7.55436800099009 NA
"897" 35880000 NA 7.55485243437205 NA
"898" 35920000 NA 7.55533632799527 NA
"899" 35960000 NA 7.55581968306119 NA
"900" 36000000 NA 7.55630250076729 NA
"901" 36040000 NA 7.55678478230703 NA
"902" 36080000 NA 7.5572665288699 NA
"903" 36120000 NA 7.55774774164147 NA
"904" 36160000 NA 7.55822842180333 NA
"905" 36200000 NA 7.55870857053317 NA
"906" 36240000 NA 7.55918818900478 NA
"907" 36280000 NA 7.55966727838806 NA
"908" 36320000 NA 7.56014583984905 NA
"909" 36360000 NA 7.56062387454993 NA
"910" 36400000 NA 7.56110138364906 NA
"911" 36440000 NA 7.56157836830096 NA
"912" 36480000 NA 7.56205482965638 NA
"913" 36520000 NA 7.56253076886226 NA
"914" 36560000 NA 7.56300618706179 NA
"915" 36600000 NA 7.56348108539441 NA
"916" 36640000 NA 7.56395546499581 NA
"917" 36680000 NA 7.56442932699798 NA
"918" 36720000 NA 7.5649026725292 NA
"919" 36760000 NA 7.56537550271407 NA
"920" 36800000 NA 7.56584781867352 NA
"921" 36840000 NA 7.56631962152481 NA
"922" 36880000 NA 7.56679091238159 NA
"923" 36920000 NA 7.56726169235387 NA
"924" 36960000 NA 7.56773196254807 NA
"925" 37000000 NA 7.56820172406699 NA
"926" 37040000 NA 7.5686709780099 NA
"927" 37080000 NA 7.56913972547246 NA
"928" 37120000 NA 7.56960796754682 NA
"929" 37160000 NA 7.5700757053216 NA
"930" 37200000 NA 7.5705429398819 NA
"931" 37240000 NA 7.57100967230931 NA
"932" 37280000 NA 7.57147590368194 NA
"933" 37320000 NA 7.57194163507446 NA
"934" 37360000 NA 7.57240686755806 NA
"935" 37400000 NA 7.57287160220048 NA
"936" 37440000 NA 7.57333584006607 NA
"937" 37480000 NA 7.57379958221574 NA
"938" 37520000 NA 7.57426282970703 NA
"939" 37560000 NA 7.57472558359407 NA
"940" 37600000 NA 7.57518784492766 NA
"941" 37640000 NA 7.57564961475522 NA
"942" 37680000 NA 7.57611089412084 NA
"943" 37720000 NA 7.57657168406529 NA
"944" 37760000 NA 7.57703198562603 NA
"945" 37800000 NA 7.57749179983723 NA
"946" 37840000 NA 7.57795112772976 NA
"947" 37880000 NA 7.57840997033124 NA
"948" 37920000 NA 7.57886832866603 NA
"949" 37960000 NA 7.57932620375526 NA
"950" 38000000 NA 7.57978359661681 NA
"951" 38040000 NA 7.58024050826538 NA
"952" 38080000 NA 7.58069693971244 NA
"953" 38120000 NA 7.58115289196629 NA
"954" 38160000 NA 7.58160836603206 NA
"955" 38200000 NA 7.58206336291171 NA
"956" 38240000 NA 7.58251788360406 NA
"957" 38280000 NA 7.58297192910481 NA
"958" 38320000 NA 7.58342550040651 NA
"959" 38360000 NA 7.58387859849863 NA
"960" 38400000 NA 7.58433122436753 NA
"961" 38440000 NA 7.58478337899651 NA
"962" 38480000 NA 7.58523506336578 NA
"963" 38520000 NA 7.5856862784525 NA
"964" 38560000 NA 7.58613702523079 NA
"965" 38600000 NA 7.58658730467176 NA
"966" 38640000 NA 7.58703711774346 NA
"967" 38680000 NA 7.58748646541096 NA
"968" 38720000 NA 7.58793534863636 NA
"969" 38760000 NA 7.58838376837873 NA
"970" 38800000 NA 7.58883172559421 NA
"971" 38840000 NA 7.58927922123597 NA
"972" 38880000 NA 7.58972625625424 NA
"973" 38920000 NA 7.59017283159631 NA
"974" 38960000 NA 7.59061894820658 NA
"975" 39000000 NA 7.5910646070265 NA
"976" 39040000 NA 7.59150980899465 NA
"977" 39080000 NA 7.59195455504674 NA
"978" 39120000 NA 7.59239884611556 NA
"979" 39160000 NA 7.5928426831311 NA
"980" 39200000 NA 7.59328606702046 NA
"981" 39240000 NA 7.59372899870791 NA
"982" 39280000 NA 7.59417147911491 NA
"983" 39320000 NA 7.5946135091601 NA
"984" 39360000 NA 7.5950550897593 NA
"985" 39400000 NA 7.59549622182557 NA
"986" 39440000 NA 7.59593690626917 NA
"987" 39480000 NA 7.5963771439976 NA
"988" 39520000 NA 7.59681693591559 NA
"989" 39560000 NA 7.59725628292514 NA
"990" 39600000 NA 7.59769518592551 NA
"991" 39640000 NA 7.59813364581324 NA
"992" 39680000 NA 7.59857166348214 NA
"993" 39720000 NA 7.59900923982334 NA
"994" 39760000 NA 7.59944637572528 NA
"995" 39800000 NA 7.59988307207369 NA
"996" 39840000 NA 7.60031932975166 NA
"997" 39880000 NA 7.60075514963962 NA
"998" 39920000 NA 7.60119053261533 NA
"999" 39960000 NA 7.60162547955394 NA
"1000" 40000000 NA 7.60205999132796 NA
"1001" 40040000 NA 7.60249406880728 NA
"1002" 40080000 NA 7.60292771285919 NA
"1003" 40120000 NA 7.60336092434838 NA
"1004" 40160000 NA 7.60379370413696 NA
"1005" 40200000 NA 7.60422605308447 NA
"1006" 40240000 NA 7.60465797204787 NA
"1007" 40280000 NA 7.60508946188158 NA
"1008" 40320000 NA 7.60552052343747 NA
"1009" 40360000 NA 7.60595115756487 NA
"1010" 40400000 NA 7.6063813651106 NA
"1011" 40440000 NA 7.60681114691896 NA
"1012" 40480000 NA 7.60724050383174 NA
"1013" 40520000 NA 7.60766943668824 NA
"1014" 40560000 NA 7.60809794632528 NA
"1015" 40600000 NA 7.60852603357719 NA
"1016" 40640000 NA 7.60895369927586 NA
"1017" 40680000 NA 7.60938094425071 NA
"1018" 40720000 NA 7.6098077693287 NA
"1019" 40760000 NA 7.61023417533439 NA
"1020" 40800000 NA 7.61066016308988 NA
"1021" 40840000 NA 7.61108573341487 NA
"1022" 40880000 NA 7.61151088712666 NA
"1023" 40920000 NA 7.61193562504012 NA
"1024" 40960000 NA 7.61235994796777 NA
"1025" 41000000 NA 7.61278385671974 NA
"1026" 41040000 NA 7.61320735210376 NA
"1027" 41080000 NA 7.61363043492524 NA
"1028" 41120000 NA 7.61405310598722 NA
"1029" 41160000 NA 7.61447536609039 NA
"1030" 41200000 NA 7.61489721603313 NA
"1031" 41240000 NA 7.61531865661148 NA
"1032" 41280000 NA 7.61573968861916 NA
"1033" 41320000 NA 7.61616031284758 NA
"1034" 41360000 NA 7.61658053008589 NA
"1035" 41400000 NA 7.6170003411209 NA
"1036" 41440000 NA 7.61741974673718 NA
"1037" 41480000 NA 7.617838747717 NA
"1038" 41520000 NA 7.6182573448404 NA
"1039" 41560000 NA 7.61867553888514 NA
"1040" 41600000 NA 7.61909333062674 NA
"1041" 41640000 NA 7.6195107208385 NA
"1042" 41680000 NA 7.61992771029147 NA
"1043" 41720000 NA 7.62034429975449 NA
"1044" 41760000 NA 7.62076048999421 NA
"1045" 41800000 NA 7.62117628177504 NA
"1046" 41840000 NA 7.62159167585922 NA
"1047" 41880000 NA 7.6220066730068 NA
"1048" 41920000 NA 7.62242127397567 NA
"1049" 41960000 NA 7.62283547952152 NA
"1050" 42000000 NA 7.6232492903979 NA
"1051" 42040000 NA 7.6236627073562 NA
"1052" 42080000 NA 7.62407573114568 NA
"1053" 42120000 NA 7.62448836251345 NA
"1054" 42160000 NA 7.62490060220449 NA
"1055" 42200000 NA 7.62531245096167 NA
"1056" 42240000 NA 7.62572390952576 NA
"1057" 42280000 NA 7.62613497863539 NA
"1058" 42320000 NA 7.62654565902713 NA
"1059" 42360000 NA 7.62695595143545 NA
"1060" 42400000 NA 7.62736585659273 NA
"1061" 42440000 NA 7.6277753752293 NA
"1062" 42480000 NA 7.62818450807341 NA
"1063" 42520000 NA 7.62859325585126 NA
"1064" 42560000 NA 7.62900161928699 NA
"1065" 42600000 NA 7.62940959910272 NA
"1066" 42640000 NA 7.62981719601852 NA
"1067" 42680000 NA 7.63022441075243 NA
"1068" 42720000 NA 7.6306312440205 NA
"1069" 42760000 NA 7.63103769653674 NA
"1070" 42800000 NA 7.63144376901317 NA
"1071" 42840000 NA 7.63184946215982 NA
"1072" 42880000 NA 7.63225477668471 NA
"1073" 42920000 NA 7.63265971329391 NA
"1074" 42960000 NA 7.6330642726915 NA
"1075" 43000000 NA 7.63346845557959 NA
"1076" 43040000 NA 7.63387226265833 NA
"1077" 43080000 NA 7.63427569462594 NA
"1078" 43120000 NA 7.63467875217868 NA
"1079" 43160000 NA 7.63508143601087 NA
"1080" 43200000 NA 7.63548374681491 NA
"1081" 43240000 NA 7.63588568528127 NA
"1082" 43280000 NA 7.63628725209851 NA
"1083" 43320000 NA 7.63668844795328 NA
"1084" 43360000 NA 7.63708927353033 NA
"1085" 43400000 NA 7.63748972951251 NA
"1086" 43440000 NA 7.63788981658079 NA
"1087" 43480000 NA 7.63828953541426 NA
"1088" 43520000 NA 7.63868888669012 NA
"1089" 43560000 NA 7.63908787108374 NA
"1090" 43600000 NA 7.63948648926859 NA
"1091" 43640000 NA 7.6398847419163 NA
"1092" 43680000 NA 7.64028262969668 NA
"1093" 43720000 NA 7.64068015327766 NA
"1094" 43760000 NA 7.64107731332537 NA
"1095" 43800000 NA 7.6414741105041 NA
"1096" 43840000 NA 7.64187054547631 NA
"1097" 43880000 NA 7.64226661890267 NA
"1098" 43920000 NA 7.64266233144204 NA
"1099" 43960000 NA 7.64305768375145 NA
"1100" 44000000 NA 7.64345267648619 NA
"1101" 44040000 NA 7.64384731029971 NA
"1102" 44080000 NA 7.64424158584373 NA
"1103" 44120000 NA 7.64463550376815 NA
"1104" 44160000 NA 7.64502906472114 NA
"1105" 44200000 NA 7.64542226934909 NA
"1106" 44240000 NA 7.64581511829664 NA
"1107" 44280000 NA 7.64620761220668 NA
"1108" 44320000 NA 7.64659975172037 NA
"1109" 44360000 NA 7.64699153747712 NA
"1110" 44400000 NA 7.64738297011462 NA
"1111" 44440000 NA 7.64777405026883 NA
"1112" 44480000 NA 7.648164778574 NA
"1113" 44520000 NA 7.64855515566267 NA
"1114" 44560000 NA 7.64894518216567 NA
"1115" 44600000 NA 7.64933485871214 NA
"1116" 44640000 NA 7.64972418592952 NA
"1117" 44680000 NA 7.65011316444357 NA
"1118" 44720000 NA 7.65050179487837 NA
"1119" 44760000 NA 7.65089007785631 NA
"1120" 44800000 NA 7.65127801399814 NA
"1121" 44840000 NA 7.65166560392294 NA
"1122" 44880000 NA 7.6520528482481 NA
"1123" 44920000 NA 7.65243974758942 NA
"1124" 44960000 NA 7.652826302561 NA
"1125" 45000000 NA 7.65321251377534 NA
"1126" 45040000 NA 7.65359838184329 NA
"1127" 45080000 NA 7.65398390737407 NA
"1128" 45120000 NA 7.65436909097529 NA
"1129" 45160000 NA 7.65475393325293 NA
"1130" 45200000 NA 7.65513843481138 NA
"1131" 45240000 NA 7.65552259625342 NA
"1132" 45280000 NA 7.65590641818021 NA
"1133" 45320000 NA 7.65628990119136 NA
"1134" 45360000 NA 7.65667304588485 NA
"1135" 45400000 NA 7.6570558528571 NA
"1136" 45440000 NA 7.65743832270296 NA
"1137" 45480000 NA 7.6578204560157 NA
"1138" 45520000 NA 7.65820225338701 NA
"1139" 45560000 NA 7.65858371540706 NA
"1140" 45600000 NA 7.65896484266444 NA
"1141" 45640000 NA 7.65934563574618 NA
"1142" 45680000 NA 7.65972609523779 NA
"1143" 45720000 NA 7.66010622172324 NA
"1144" 45760000 NA 7.66048601578497 NA
"1145" 45800000 NA 7.66086547800387 NA
"1146" 45840000 NA 7.66124460895933 NA
"1147" 45880000 NA 7.66162340922923 NA
"1148" 45920000 NA 7.66200187938992 NA
"1149" 45960000 NA 7.66238002001625 NA
"1150" 46000000 NA 7.66275783168157 NA
"1151" 46040000 NA 7.66313531495775 NA
"1152" 46080000 NA 7.66351247041516 NA
"1153" 46120000 NA 7.66388929862266 NA
"1154" 46160000 NA 7.66426580014767 NA
"1155" 46200000 NA 7.66464197555613 NA
"1156" 46240000 NA 7.66501782541247 NA
"1157" 46280000 NA 7.66539335027971 NA
"1158" 46320000 NA 7.66576855071938 NA
"1159" 46360000 NA 7.66614342729156 NA
"1160" 46400000 NA 7.66651798055488 NA
"1161" 46440000 NA 7.66689221106654 NA
"1162" 46480000 NA 7.66726611938227 NA
"1163" 46520000 NA 7.66763970605641 NA
"1164" 46560000 NA 7.66801297164183 NA
"1165" 46600000 NA 7.66838591669 NA
"1166" 46640000 NA 7.66875854175096 NA
"1167" 46680000 NA 7.66913084737333 NA
"1168" 46720000 NA 7.66950283410434 NA
"1169" 46760000 NA 7.6698745024898 NA
"1170" 46800000 NA 7.67024585307412 NA
"1171" 46840000 NA 7.67061688640033 NA
"1172" 46880000 NA 7.67098760301003 NA
"1173" 46920000 NA 7.67135800344349 NA
"1174" 46960000 NA 7.67172808823956 NA
"1175" 47000000 NA 7.67209785793572 NA
"1176" 47040000 NA 7.67246731306808 NA
"1177" 47080000 NA 7.6728364541714 NA
"1178" 47120000 NA 7.67320528177904 NA
"1179" 47160000 NA 7.67357379642305 NA
"1180" 47200000 NA 7.67394199863409 NA
"1181" 47240000 NA 7.67430988894148 NA
"1182" 47280000 NA 7.6746774678732 NA
"1183" 47320000 NA 7.67504473595589 NA
"1184" 47360000 NA 7.67541169371486 NA
"1185" 47400000 NA 7.67577834167408 NA
"1186" 47440000 NA 7.67614468035621 NA
"1187" 47480000 NA 7.67651071028255 NA
"1188" 47520000 NA 7.67687643197314 NA
"1189" 47560000 NA 7.67724184594665 NA
"1190" 47600000 NA 7.67760695272049 NA
"1191" 47640000 NA 7.67797175281074 NA
"1192" 47680000 NA 7.67833624673218 NA
"1193" 47720000 NA 7.6787004349983 NA
"1194" 47760000 NA 7.67906431812131 NA
"1195" 47800000 NA 7.67942789661212 NA
"1196" 47840000 NA 7.67979117098035 NA
"1197" 47880000 NA 7.68015414173437 NA
"1198" 47920000 NA 7.68051680938126 NA
"1199" 47960000 NA 7.68087917442681 NA
"1200" 48000000 NA 7.68124123737559 NA
"1201" 48040000 NA 7.68160299873087 NA
"1202" 48080000 NA 7.68196445899468 NA
"1203" 48120000 NA 7.68232561866781 NA
"1204" 48160000 NA 7.68268647824977 NA
"1205" 48200000 NA 7.68304703823885 NA
"1206" 48240000 NA 7.68340729913209 NA
"1207" 48280000 NA 7.68376726142531 NA
"1208" 48320000 NA 7.68412692561308 NA
"1209" 48360000 NA 7.68448629218873 NA
"1210" 48400000 NA 7.68484536164441 NA
"1211" 48440000 NA 7.68520413447101 NA
"1212" 48480000 NA 7.68556261115823 NA
"1213" 48520000 NA 7.68592079219454 NA
"1214" 48560000 NA 7.6862786780672 NA
"1215" 48600000 NA 7.68663626926229 NA
"1216" 48640000 NA 7.68699356626468 NA
"1217" 48680000 NA 7.68735056955803 NA
"1218" 48720000 NA 7.68770727962482 NA
"1219" 48760000 NA 7.68806369694634 NA
"1220" 48800000 NA 7.68841982200271 NA
"1221" 48840000 NA 7.68877565527284 NA
"1222" 48880000 NA 7.6891311972345 NA
"1223" 48920000 NA 7.68948644836425 NA
"1224" 48960000 NA 7.6898414091375 NA
"1225" 49000000 NA 7.69019608002851 NA
"1226" 49040000 NA 7.69055046151036 NA
"1227" 49080000 NA 7.69090455405497 NA
"1228" 49120000 NA 7.69125835813311 NA
"1229" 49160000 NA 7.69161187421442 NA
"1230" 49200000 NA 7.69196510276736 NA
"1231" 49240000 NA 7.69231804425928 NA
"1232" 49280000 NA 7.69267069915637 NA
"1233" 49320000 NA 7.69302306792369 NA
"1234" 49360000 NA 7.69337515102518 NA
"1235" 49400000 NA 7.69372694892365 NA
"1236" 49440000 NA 7.69407846208076 NA
"1237" 49480000 NA 7.69442969095708 NA
"1238" 49520000 NA 7.69478063601206 NA
"1239" 49560000 NA 7.69513129770403 NA
"1240" 49600000 NA 7.6954816764902 NA
"1241" 49640000 NA 7.69583177282669 NA
"1242" 49680000 NA 7.69618158716852 NA
"1243" 49720000 NA 7.69653111996961 NA
"1244" 49760000 NA 7.69688037168276 NA
"1245" 49800000 NA 7.69722934275972 NA
"1246" 49840000 NA 7.69757803365111 NA
"1247" 49880000 NA 7.69792644480651 NA
"1248" 49920000 NA 7.69827457667437 NA
"1249" 49960000 NA 7.6986224297021 NA
"1250" 50000000 NA 7.69897000433602 NA
"1251" 50040000 NA 7.69931730102138 NA
"1252" 50080000 NA 7.69966432020237 NA
"1253" 50120000 NA 7.70001106232211 NA
"1254" 50160000 NA 7.70035752782266 NA
"1255" 50200000 NA 7.70070371714502 NA
"1256" 50240000 NA 7.70104963072914 NA
"1257" 50280000 NA 7.70139526901392 NA
"1258" 50320000 NA 7.70174063243721 NA
"1259" 50360000 NA 7.70208572143583 NA
"1260" 50400000 NA 7.70243053644553 NA
"1261" 50440000 NA 7.70277507790104 NA
"1262" 50480000 NA 7.70311934623608 NA
"1263" 50520000 NA 7.70346334188329 NA
"1264" 50560000 NA 7.70380706527433 NA
"1265" 50600000 NA 7.7041505168398 NA
"1266" 50640000 NA 7.7044936970093 NA
"1267" 50680000 NA 7.7048366062114 NA
"1268" 50720000 NA 7.70517924487368 NA
"1269" 50760000 NA 7.70552161342267 NA
"1270" 50800000 NA 7.70586371228392 NA
"1271" 50840000 NA 7.70620554188197 NA
"1272" 50880000 NA 7.70654710264036 NA
"1273" 50920000 NA 7.70688839498162 NA
"1274" 50960000 NA 7.70722941932729 NA
"1275" 51000000 NA 7.70757017609794 NA
"1276" 51040000 NA 7.70791066571311 NA
"1277" 51080000 NA 7.70825088859138 NA
"1278" 51120000 NA 7.70859084515034 NA
"1279" 51160000 NA 7.70893053580662 NA
"1280" 51200000 NA 7.70926996097583 NA
"1281" 51240000 NA 7.70960912107265 NA
"1282" 51280000 NA 7.70994801651076 NA
"1283" 51320000 NA 7.71028664770289 NA
"1284" 51360000 NA 7.7106250150608 NA
"1285" 51400000 NA 7.71096311899528 NA
"1286" 51440000 NA 7.71130095991617 NA
"1287" 51480000 NA 7.71163853823235 NA
"1288" 51520000 NA 7.71197585435176 NA
"1289" 51560000 NA 7.71231290868137 NA
"1290" 51600000 NA 7.71264970162721 NA
"1291" 51640000 NA 7.71298623359438 NA
"1292" 51680000 NA 7.71332250498703 NA
"1293" 51720000 NA 7.71365851620836 NA
"1294" 51760000 NA 7.71399426766064 NA
"1295" 51800000 NA 7.71432975974523 NA
"1296" 51840000 NA 7.71466499286254 NA
"1297" 51880000 NA 7.71499996741204 NA
"1298" 51920000 NA 7.71533468379231 NA
"1299" 51960000 NA 7.71566914240099 NA
"1300" 52000000 NA 7.7160033436348 NA
"1301" 52040000 NA 7.71633728788955 NA
"1302" 52080000 NA 7.71667097556014 NA
"1303" 52120000 NA 7.71700440704055 NA
"1304" 52160000 NA 7.71733758272386 NA
"1305" 52200000 NA 7.71767050300226 NA
"1306" 52240000 NA 7.71800316826702 NA
"1307" 52280000 NA 7.71833557890851 NA
"1308" 52320000 NA 7.71866773531621 NA
"1309" 52360000 NA 7.71899963787872 NA
"1310" 52400000 NA 7.71933128698373 NA
"1311" 52440000 NA 7.71966268301805 NA
"1312" 52480000 NA 7.7199938263676 NA
"1313" 52520000 NA 7.72032471741744 NA
"1314" 52560000 NA 7.72065535655172 NA
"1315" 52600000 NA 7.72098574415374 NA
"1316" 52640000 NA 7.7213158806059 NA
"1317" 52680000 NA 7.72164576628975 NA
"1318" 52720000 NA 7.72197540158595 NA
"1319" 52760000 NA 7.72230478687433 NA
"1320" 52800000 NA 7.72263392253381 NA
"1321" 52840000 NA 7.72296280894249 NA
"1322" 52880000 NA 7.72329144647758 NA
"1323" 52920000 NA 7.72361983551546 NA
"1324" 52960000 NA 7.72394797643164 NA
"1325" 53000000 NA 7.72427586960079 NA
"1326" 53040000 NA 7.72460351539672 NA
"1327" 53080000 NA 7.7249309141924 NA
"1328" 53120000 NA 7.72525806635996 NA
"1329" 53160000 NA 7.72558497227069 NA
"1330" 53200000 NA 7.72591163229505 NA
"1331" 53240000 NA 7.72623804680264 NA
"1332" 53280000 NA 7.72656421616224 NA
"1333" 53320000 NA 7.72689014074182 NA
"1334" 53360000 NA 7.72721582090849 NA
"1335" 53400000 NA 7.72754125702856 NA
"1336" 53440000 NA 7.72786644946749 NA
"1337" 53480000 NA 7.72819139858995 NA
"1338" 53520000 NA 7.72851610475977 NA
"1339" 53560000 NA 7.72884056833997 NA
"1340" 53600000 NA 7.72916478969277 NA
"1341" 53640000 NA 7.72948876917956 NA
"1342" 53680000 NA 7.72981250716094 NA
"1343" 53720000 NA 7.73013600399668 NA
"1344" 53760000 NA 7.73045926004577 NA
"1345" 53800000 NA 7.73078227566639 NA
"1346" 53840000 NA 7.73110505121592 NA
"1347" 53880000 NA 7.73142758705095 NA
"1348" 53920000 NA 7.73174988352726 NA
"1349" 53960000 NA 7.73207194099987 NA
"1350" 54000000 NA 7.73239375982297 NA
"1351" 54040000 NA 7.73271534034999 NA
"1352" 54080000 NA 7.73303668293358 NA
"1353" 54120000 NA 7.73335778792559 NA
"1354" 54160000 NA 7.73367865567709 NA
"1355" 54200000 NA 7.73399928653839 NA
"1356" 54240000 NA 7.73431968085901 NA
"1357" 54280000 NA 7.7346398389877 NA
"1358" 54320000 NA 7.73495976127245 NA
"1359" 54360000 NA 7.73527944806046 NA
"1360" 54400000 NA 7.73559889969818 NA
"1361" 54440000 NA 7.7359181165313 NA
"1362" 54480000 NA 7.73623709890473 NA
"1363" 54520000 NA 7.73655584716264 NA
"1364" 54560000 NA 7.73687436164842 NA
"1365" 54600000 NA 7.73719264270474 NA
"1366" 54640000 NA 7.73751069067348 NA
"1367" 54680000 NA 7.73782850589578 NA
"1368" 54720000 NA 7.73814608871206 NA
"1369" 54760000 NA 7.73846343946195 NA
"1370" 54800000 NA 7.73878055848437 NA
"1371" 54840000 NA 7.73909744611747 NA
"1372" 54880000 NA 7.73941410269869 NA
"1373" 54920000 NA 7.73973052856472 NA
"1374" 54960000 NA 7.74004672405149 NA
"1375" 55000000 NA 7.74036268949424 NA
"1376" 55040000 NA 7.74067842522745 NA
"1377" 55080000 NA 7.74099393158489 NA
"1378" 55120000 NA 7.74130920889957 NA
"1379" 55160000 NA 7.74162425750381 NA
"1380" 55200000 NA 7.7419390777292 NA
"1381" 55240000 NA 7.74225366990659 NA
"1382" 55280000 NA 7.74256803436614 NA
"1383" 55320000 NA 7.74288217143727 NA
"1384" 55360000 NA 7.7431960814487 NA
"1385" 55400000 NA 7.74350976472843 NA
"1386" 55440000 NA 7.74382322160375 NA
"1387" 55480000 NA 7.74413645240125 NA
"1388" 55520000 NA 7.7444494574468 NA
"1389" 55560000 NA 7.74476223706558 NA
"1390" 55600000 NA 7.74507479158206 NA
"1391" 55640000 NA 7.74538712132001 NA
"1392" 55680000 NA 7.74569922660251 NA
"1393" 55720000 NA 7.74601110775193 NA
"1394" 55760000 NA 7.74632276508995 NA
"1395" 55800000 NA 7.74663419893758 NA
"1396" 55840000 NA 7.7469454096151 NA
"1397" 55880000 NA 7.74725639744214 NA
"1398" 55920000 NA 7.74756716273763 NA
"1399" 55960000 NA 7.74787770581979 NA
"1400" 56000000 NA 7.7481880270062 NA
"1401" 56040000 NA 7.74849812661374 NA
"1402" 56080000 NA 7.7488080049586 NA
"1403" 56120000 NA 7.74911766235632 NA
"1404" 56160000 NA 7.74942709912175 NA
"1405" 56200000 NA 7.74973631556906 NA
"1406" 56240000 NA 7.75004531201177 NA
"1407" 56280000 NA 7.75035408876271 NA
"1408" 56320000 NA 7.75066264613406 NA
"1409" 56360000 NA 7.75097098443732 NA
"1410" 56400000 NA 7.75127910398334 NA
"1411" 56440000 NA 7.75158700508231 NA
"1412" 56480000 NA 7.75189468804375 NA
"1413" 56520000 NA 7.75220215317652 NA
"1414" 56560000 NA 7.75250940078884 NA
"1415" 56600000 NA 7.75281643118827 NA
"1416" 56640000 NA 7.75312324468171 NA
"1417" 56680000 NA 7.75342984157542 NA
"1418" 56720000 NA 7.75373622217501 NA
"1419" 56760000 NA 7.75404238678544 NA
"1420" 56800000 NA 7.75434833571102 NA
"1421" 56840000 NA 7.75465406925543 NA
"1422" 56880000 NA 7.75495958772171 NA
"1423" 56920000 NA 7.75526489141225 NA
"1424" 56960000 NA 7.7555699806288 NA
"1425" 57000000 NA 7.75587485567249 NA
"1426" 57040000 NA 7.75617951684381 NA
"1427" 57080000 NA 7.75648396444261 NA
"1428" 57120000 NA 7.75678819876812 NA
"1429" 57160000 NA 7.75709222011893 NA
"1430" 57200000 NA 7.75739602879302 NA
"1431" 57240000 NA 7.75769962508774 NA
"1432" 57280000 NA 7.7580030092998 NA
"1433" 57320000 NA 7.75830618172531 NA
"1434" 57360000 NA 7.75860914265974 NA
"1435" 57400000 NA 7.75891189239797 NA
"1436" 57440000 NA 7.75921443123424 NA
"1437" 57480000 NA 7.75951675946219 NA
"1438" 57520000 NA 7.75981887737483 NA
"1439" 57560000 NA 7.76012078526457 NA
"1440" 57600000 NA 7.76042248342321 NA
"1441" 57640000 NA 7.76072397214195 NA
"1442" 57680000 NA 7.76102525171137 NA
"1443" 57720000 NA 7.76132632242146 NA
"1444" 57760000 NA 7.76162718456158 NA
"1445" 57800000 NA 7.76192783842053 NA
"1446" 57840000 NA 7.76222828428647 NA
"1447" 57880000 NA 7.762528522447 NA
"1448" 57920000 NA 7.76282855318909 NA
"1449" 57960000 NA 7.76312837679914 NA
"1450" 58000000 NA 7.76342799356294 NA
"1451" 58040000 NA 7.7637274037657 NA
"1452" 58080000 NA 7.76402660769204 NA
"1453" 58120000 NA 7.76432560562598 NA
"1454" 58160000 NA 7.76462439785098 NA
"1455" 58200000 NA 7.76492298464989 NA
"1456" 58240000 NA 7.76522136630498 NA
"1457" 58280000 NA 7.76551954309795 NA
"1458" 58320000 NA 7.76581751530992 NA
"1459" 58360000 NA 7.76611528322141 NA
"1460" 58400000 NA 7.7664128471124 NA
"1461" 58440000 NA 7.76671020726226 NA
"1462" 58480000 NA 7.7670073639498 NA
"1463" 58520000 NA 7.76730431745327 NA
"1464" 58560000 NA 7.76760106805034 NA
"1465" 58600000 NA 7.76789761601809 NA
"1466" 58640000 NA 7.76819396163307 NA
"1467" 58680000 NA 7.76849010517124 NA
"1468" 58720000 NA 7.76878604690801 NA
"1469" 58760000 NA 7.76908178711822 NA
"1470" 58800000 NA 7.76937732607614 NA
"1471" 58840000 NA 7.76967266405549 NA
