"realInteractionDistance" "loessExpectedValue" "loggendist" "loginteraction"
"1" 40000 1548.28457387079 4.60205999132796 0
"2" 80000 1308.28276115273 4.90308998699194 -0.0731491679119437
"3" 120000 1080.41696210241 5.07918124604763 -0.156259392961492
"4" 160000 863.61512343655 5.20411998265593 -0.253530547777907
"5" 200000 695.593188268338 5.30102999566398 -0.347495466337093
"6" 240000 580.157900208899 5.38021124171161 -0.426304576218294
"7" 280000 503.873324726418 5.44715803134222 -0.487529419550313
"8" 320000 444.91783144203 5.50514997831991 -0.541570974999689
"9" 360000 398.574960054481 5.55630250076729 -0.589340775531198
"10" 400000 360.968472545282 5.60205999132796 -0.632381515056801
"11" 440000 327.91042240127 5.64345267648619 -0.674095566143127
"12" 480000 300.670541903491 5.68124123737559 -0.711759906448238
"13" 520000 275.992251076556 5.7160033436348 -0.748953898050489
"14" 560000 253.873757242853 5.7481880270062 -0.785232976305944
"15" 600000 232.564891091762 5.77815125038364 -0.82330663423321
"16" 640000 214.695216084807 5.80617997398389 -0.858028419335467
"17" 680000 198.583080440552 5.83250891270624 -0.891908543544139
"18" 720000 184.670313889509 5.85733249643127 -0.923453699403166
"19" 760000 172.039425632505 5.88081359228079 -0.954222802818034
"20" 800000 162.059659395708 5.90308998699194 -0.980175864969415
"21" 840000 152.227821968712 5.92427928606188 -1.00735675311052
"22" 880000 143.251731006628 5.94448267215017 -1.03375090823307
"23" 920000 134.37069916292 5.96378782734556 -1.06154620986696
"24" 960000 126.33013870311 5.98227123303957 -1.08834381380521
"25" 1000000 118.65248230384 6 -1.11557395834267
"26" 1040000 111.387492366216 6.01703333929878 -1.14301435986315
"27" 1080000 105.082073903557 6.03342375548695 -1.16832215132537
"28" 1120000 99.9315598426663 6.04921802267018 -1.19014812036146
"29" 1160000 95.2843804594798 6.06445798922692 -1.21082907224638
"30" 1200000 91.2599082240197 6.07918124604763 -1.2295707590889
"31" 1240000 87.5910380935132 6.09342168516223 -1.24739111332005
"32" 1280000 84.1613699138477 6.10720996964787 -1.26473799079765
"33" 1320000 80.7618630109466 6.12057393120585 -1.28264445810305
"34" 1360000 77.6860625526935 6.13353890837022 -1.29950767658959
"35" 1400000 74.6471991022704 6.14612803567824 -1.31683726992194
"36" 1440000 71.6726235970333 6.15836249209525 -1.33449748454023
"37" 1480000 69.1162814902127 6.17026171539496 -1.35027042205746
"38" 1520000 66.7026677479829 6.18184358794477 -1.36570758306782
"39" 1560000 64.4187708600775 6.19312459835446 -1.38083835275208
"40" 1600000 62.3054260820472 6.20411998265593 -1.39532491644242
"41" 1640000 60.5407441692237 6.2148438480477 -1.40780303175704
"42" 1680000 58.8100202775655 6.22530928172586 -1.42039945762952
"43" 1720000 56.9757800956548 6.23552844690755 -1.43416050664969
"44" 1760000 55.3041852949355 6.24551266781415 -1.44709278780853
"45" 1800000 53.8124809074089 6.25527250510331 -1.45896777206466
"46" 1840000 52.1655811450421 6.26481782300954 -1.47246673681939
"47" 1880000 50.7700203593896 6.27415784926368 -1.4842434492134
"48" 1920000 49.5724871565331 6.28330122870355 -1.49461007785083
"49" 1960000 48.2991113421452 6.29225607135648 -1.50591164655704
"50" 2000000 47.1247284083604 6.30102999566398 -1.51660192650242
"51" 2040000 45.8629580203992 6.3096301674259 -1.52838872481346
"52" 2080000 44.8364330589523 6.31806333496276 -1.53821973156857
"53" 2120000 43.7936809796237 6.32633586092875 -1.5484393364005
"54" 2160000 42.8268187443017 6.33445375115093 -1.55813497138201
"55" 2200000 41.8705089852125 6.34242268082221 -1.56794254649255
"56" 2240000 41.0772874865181 6.35024801833416 -1.57624902927299
"57" 2280000 40.365503493763 6.35793484700045 -1.58384041280743
"58" 2320000 39.6764800794039 6.3654879848909 -1.59131765025639
"59" 2360000 38.9483508630671 6.37291200297011 -1.59936171311678
"60" 2400000 38.2524645116121 6.38021124171161 -1.60719136586576
"61" 2440000 37.3916625655527 6.38738982633873 -1.61707601092329
"62" 2480000 36.5098526897403 6.39445168082622 -1.62744070611712
"63" 2520000 35.7299307391797 6.40140054078154 -1.6368186124319
"64" 2560000 35.0588414819951 6.40823996531185 -1.64505322602414
"65" 2600000 34.4053495759269 6.41497334797082 -1.65322481191675
"66" 2640000 33.6557666073896 6.42160392686983 -1.66279129945748
"67" 2680000 32.9398851682472 6.42813479402879 -1.67212870593323
"68" 2720000 32.2636544633852 6.4345689040342 -1.68113722894889
"69" 2760000 31.6593991727049 6.44090908206522 -1.68934811814589
"70" 2800000 31.1916610492014 6.44715803134222 -1.69581228392286
"71" 2840000 30.6048241051467 6.45331834004704 -1.70406089895008
"72" 2880000 29.9761115292732 6.45939248775923 -1.71307549084835
"73" 2920000 29.5693855774742 6.46538285144842 -1.71900848636439
"74" 2960000 29.081141216332 6.47129171105894 -1.72623934145801
"75" 3000000 28.6063262456305 6.47712125471966 -1.73338869945931
"76" 3040000 28.2400345870996 6.48287358360875 -1.7389855624913
"77" 3080000 27.9189161811065 6.48855071650044 -1.74395223191095
"78" 3120000 27.6107971690588 6.49415459401844 -1.74877184116016
"79" 3160000 27.1951831922237 6.4996870826184 -1.75535879811934
"80" 3200000 26.8662963501873 6.50514997831991 -1.76064298582561
"81" 3240000 26.5070445274901 6.51054501020661 -1.76648947914623
"82" 3280000 26.1749353688828 6.51587384371168 -1.77196516878254
"83" 3320000 25.8323512568216 6.52113808370404 -1.77768684938293
"84" 3360000 25.5475113920636 6.52633927738984 -1.78250218529222
"85" 3400000 25.1179219795226 6.53147891704226 -1.7898670796623
"86" 3440000 24.7079805219626 6.53655844257153 -1.79701353647685
"87" 3480000 24.2578024243514 6.54157924394658 -1.80499933229786
"88" 3520000 23.9259919475761 6.54654266347813 -1.81098083454055
"89" 3560000 23.6059270295696 6.55144999797287 -1.81682972647235
"90" 3600000 23.379475136298 6.55630250076729 -1.82101602964878
"91" 3640000 23.1143748650548 6.56110138364906 -1.82596863446215
"92" 3680000 22.840203074267 6.56584781867352 -1.83115082583371
"93" 3720000 22.5258712994546 6.5705429398819 -1.83716918831286
"94" 3760000 22.1646557614672 6.57518784492766 -1.84418979610081
"95" 3800000 21.9821481682979 6.57978359661681 -1.84778065591939
"96" 3840000 21.9185951817341 6.58433122436753 -1.84903807110409
"97" 3880000 21.7727119513604 6.58883172559421 -1.85193825979412
"98" 3920000 21.5290077734071 6.59328606702046 -1.85682677220798
"99" 3960000 21.2238759019101 6.59769518592551 -1.86302608915622
"100" 4000000 20.8331152201705 6.60205999132796 -1.87109657099122
"101" 4040000 20.4567645071884 6.6063813651106 -1.87901384106442
"102" 4080000 20.2165259553066 6.61066016308988 -1.88414425906473
"103" 4120000 19.9635591424976 6.61489721603313 -1.88961281604885
"104" 4160000 19.7084767708649 6.61909333062674 -1.89519772695921
"105" 4200000 19.5900480036987 6.6232492903979 -1.89781528657869
"106" 4240000 19.4112242035413 6.62736585659273 -1.90179786096571
"107" 4280000 19.249966318541 6.63144376901317 -1.90542081281056
"108" 4320000 19.1191663686706 6.63548374681491 -1.90838183447226
"109" 4360000 18.9158938844991 6.63948648926859 -1.91302391775602
"110" 4400000 18.702516611707 6.64345267648619 -1.91795073761638
"111" 4440000 18.7608599889001 6.64738297011462 -1.9165980444235
"112" 4480000 18.768027635669 6.65127801399814 -1.91643215251064
"113" 4520000 18.7692914467195 6.65513843481138 -1.91640290875114
"114" 4560000 18.7917464199785 6.65896484266444 -1.91588364343297
"115" 4600000 18.7659080221465 6.66275783168157 -1.91648120339973
"116" 4640000 18.7298005291325 6.66651798055488 -1.91731763457676
"117" 4680000 18.7808112449593 6.67024585307412 -1.91613643890917
"118" 4720000 18.8340996786363 6.67394199863409 -1.91490592220133
"119" 4760000 18.7828694810674 6.67760695272049 -1.91608884609783
"120" 4800000 18.7771653759475 6.68124123737559 -1.91622075552796
"121" 4840000 18.7391592495143 6.68484536164441 -1.91710068482806
"122" 4880000 18.6324125518171 6.68841982200271 -1.91958169515846
"123" 4920000 18.447652424636 6.69196510276736 -1.92390967936402
"124" 4960000 18.3184204297538 6.6954816764902 -1.92696276439862
"125" 5000000 18.1201447550011 6.69897000433602 -1.93168912400592
"126" 5040000 17.9603050757448 6.70243053644553 -1.93553707740692
"127" 5080000 17.8401997175129 6.70586371228392 -1.93845107486708
"128" 5120000 17.702510703351 6.70926996097583 -1.94181592113197
"129" 5160000 17.5288783602501 6.71264970162721 -1.94609665947442
"130" 5200000 17.3120132833371 6.7160033436348 -1.95150321011888
"131" 5240000 17.0739272810368 6.71933128698373 -1.95751735937412
"132" 5280000 16.8575163573661 6.72263392253381 -1.9630571970172
"133" 5320000 16.6512388932196 6.72591163229505 -1.96840423515089
"134" 5360000 16.4634625770975 6.72916478969277 -1.97332960596114
"135" 5400000 16.3608649355443 6.73239375982297 -1.97604452736642
"136" 5440000 16.2781264925856 6.73559889969818 -1.97824636784093
"137" 5480000 16.0723393211508 6.73878055848437 -1.98377169406132
"138" 5520000 15.8981676259852 6.7419390777292 -1.9885037150198
"139" 5560000 15.7025222856144 6.74507479158206 -1.99388136833163
"140" 5600000 15.4777148797257 6.7481880270062 -2.00014394466504
"141" 5640000 15.2609364504455 6.75127910398334 -2.00626960290861
"142" 5680000 15.0052861924032 6.75434833571102 -2.01360650373584
"143" 5720000 14.7851534308888 6.75739602879302 -2.0200249510588
"144" 5760000 14.6179657052477 6.76042248342321 -2.02496384811092
"145" 5800000 14.4549764157056 6.76342799356294 -2.02983339934961
"146" 5840000 14.3448916242003 6.7664128471124 -2.0331535152801
"147" 5880000 14.2884504282165 6.76937732607614 -2.03486565434304
"148" 5920000 14.2765107485639 6.77232170672292 -2.03522871013428
"149" 5960000 14.1901326319779 6.77524625974024 -2.03786433204608
"150" 6000000 14.0766435987673 6.77815125038364 -2.04135167176343
"151" 6040000 13.8576168623155 6.78103693862113 -2.0481622370577
"152" 6080000 13.5687895740026 6.78390357927274 -2.05730967933507
"153" 6120000 13.3264769093612 6.78675142214556 -2.06513543564019
"154" 6160000 13.1621802998519 6.78958071216443 -2.07052295116274
"155" 6200000 13.0289072328076 6.79239168949825 -2.07494279490494
"156" 6240000 12.9206616346601 6.79518458968242 -2.07856603341624
"157" 6280000 12.7430544589652 6.7979596437372 -2.08457724765526
"158" 6320000 12.5308798662075 6.80071707828238 -2.09186922036039
"159" 6360000 12.3635839889197 6.80345711564841 -2.09770640332135
"160" 6400000 12.2801273821119 6.80617997398389 -2.10064791499779
"161" 6440000 12.2685928271413 6.80888586735981 -2.10105603353928
"162" 6480000 12.3193172481525 6.81157500587059 -2.09926414741906
"163" 6520000 12.3682845793823 6.81424759573192 -2.09754131749141
"164" 6560000 12.3772802609025 6.81690383937566 -2.09722556191723
"165" 6600000 12.3461540732251 6.81954393554187 -2.09831909435374
"166" 6640000 12.3420150723486 6.82216807936802 -2.0984647143264
"167" 6680000 12.3419469586386 6.82477646247555 -2.09846711113842
"168" 6720000 12.3315308058765 6.82736927305382 -2.09883379458525
"169" 6760000 12.2978475866368 6.82994669594164 -2.10002168046166
"170" 6800000 12.1596082401196 6.83250891270624 -2.1049312037708
"171" 6840000 11.9608635626929 6.83505610172012 -2.11208825035264
"172" 6880000 11.7909976754004 6.83758843823551 -2.11830023302974
"173" 6920000 11.6410556823422 6.84010609445676 -2.12385842018774
"174" 6960000 11.5326268843047 6.84260923961056 -2.12792254527262
"175" 7000000 11.3964542128596 6.84509804001426 -2.13308103678291
"176" 7040000 11.3075240665407 6.84757265914211 -2.13648326601916
"177" 7080000 11.2159501196651 6.85003325768977 -2.14001471757239
"178" 7120000 11.1412728731392 6.85247999363686 -2.14291597563236
"179" 7160000 11.0657902011568 6.85491302230786 -2.14586835470742
"180" 7200000 11.0109646978455 6.85733249643127 -2.1480254165232
"181" 7240000 11.0066828707301 6.85973856619715 -2.14819433319846
"182" 7280000 11.0082511998612 6.86213137931304 -2.1481324555034
"183" 7320000 10.9672193276334 6.86451108105839 -2.14975425799241
"184" 7360000 10.9351608938204 6.8668778143375 -2.15102560938942
"185" 7400000 10.9275264143641 6.86923171973098 -2.15132892182198
"186" 7440000 10.8952911617503 6.87157293554588 -2.15261194611214
"187" 7480000 10.8282020050518 6.87390159786446 -2.15529443763949
"188" 7520000 10.7704965982564 6.87621784059164 -2.15761505888031
"189" 7560000 10.7539155543899 6.87852179550121 -2.15828416493801
"190" 7600000 10.7356488400836 6.88081359228079 -2.1590224893629
"191" 7640000 10.715291422601 6.88309335857569 -2.15984679977769
"192" 7680000 10.7029448401483 6.88536122003151 -2.16034749956993
"193" 7720000 10.691636071989 6.88761730033574 -2.16080661920273
"194" 7760000 10.621156528442 6.88986172125819 -2.16367897750887
"195" 7800000 10.5246315206346 6.89209460269048 -2.16764388714713
"196" 7840000 10.4115998546583 6.89431606268444 -2.17233331810394
"197" 7880000 10.2731448395204 6.89652621748955 -2.17814737556562
"198" 7920000 10.1110550037295 6.89872518158949 -2.18505431383584
"199" 7960000 9.97617058612073 6.90091306773767 -2.19088692008419
"200" 8000000 9.89486264917056 6.90308998699194 -2.19444101664339
"201" 8040000 9.85476490522797 6.90525604874845 -2.19620451854347
"202" 8080000 9.79919163494926 6.90741136077459 -2.19866053587479
"203" 8120000 9.76955097063243 6.90955602924118 -2.19997618369712
"204" 8160000 9.73901039485122 6.91169015875386 -2.20133595740087
"205" 8200000 9.67759233040572 6.91381385238372 -2.20408346331814
"206" 8240000 9.64347805224744 6.91592721169712 -2.20561709037512
"207" 8280000 9.61248627970638 6.91803033678488 -2.20701505385165
"208" 8320000 9.54556560828752 6.92012332629072 -2.2100491198099
"209" 8360000 9.51814742306722 6.92220627743902 -2.21129835963383
"210" 8400000 9.49700526043459 6.92427928606188 -2.21226410821375
"211" 8440000 9.50491177352115 6.92634244662565 -2.21190269676283
"212" 8480000 9.50773530922112 6.92839585225671 -2.21177370410045
"213" 8520000 9.49533048618941 6.9304395947667 -2.2123407017644
"214" 8560000 9.48232803688679 6.93247376467715 -2.21293581130967
"215" 8600000 9.46528071797636 6.93449845124357 -2.21371728813109
"216" 8640000 9.43075242158799 6.93651374247889 -2.21530444297676
"217" 8680000 9.43128387723426 6.93851972517649 -2.21527996966423
"218" 8720000 9.42744331735056 6.94051648493257 -2.21545685689217
"219" 8760000 9.4456585123887 6.94250410616808 -2.21461854624038
"220" 8800000 9.45071468801275 6.94448267215017 -2.21438613452812
"221" 8840000 9.48231636836777 6.94645226501307 -2.21293634573291
"222" 8880000 9.52783380753969 6.9484129657786 -2.21085661356281
"223" 8920000 9.57984682305315 6.95036485437612 -2.20849222179229
"224" 8960000 9.58240606632246 6.95230800966212 -2.20837621609685
"225" 9000000 9.56942311658607 6.95424250943933 -2.20896502923205
"226" 9040000 9.52306829891287 6.95616843047536 -2.21107388769835
"227" 9080000 9.49830751666999 6.95808584852109 -2.21220456060802
"228" 9120000 9.45528118255352 6.95999483832842 -2.21417633828858
"229" 9160000 9.40701730069004 6.96189547366785 -2.21639884402742
"230" 9200000 9.33151879486615 6.96378782734556 -2.21989845165179
"231" 9240000 9.32305773843268 6.96567197122011 -2.22029241292617
"232" 9280000 9.29901290617039 6.96754797621886 -2.22141393630264
"233" 9320000 9.28571344715614 6.96941591235398 -2.22203550936628
"234" 9360000 9.26163738415681 6.97127584873811 -2.22316301347989
"235" 9400000 9.24078739599314 6.9731278535997 -2.22414180828627
"236" 9440000 9.23640463365692 6.97497199429807 -2.22434783629429
"237" 9480000 9.21123446341994 6.97680833733807 -2.22553294976797
"238" 9520000 9.18787316336056 6.97863694838447 -2.22663579555416
"239" 9560000 9.139722548008 6.9804578922761 -2.22891777459711
"240" 9600000 9.09375888254403 6.98227123303957 -2.23110735190175
"241" 9640000 9.13103077336267 6.98407703390283 -2.2293309803347
"242" 9680000 9.1187780177454 6.98587535730839 -2.2299141431517
"243" 9720000 9.15591244409881 6.98766626492627 -2.22814915581202
"244" 9760000 9.19562299275765 6.98944981766669 -2.22626962925874
"245" 9800000 9.23917027283756 6.9912260756925 -2.22421781578341
"246" 9840000 9.2768885016815 6.99299509843134 -2.2224484499036
"247" 9880000 9.27225395531789 6.99475694458763 -2.22266546887991
"248" 9920000 9.25743795334824 6.99651167215418 -2.22335997684068
"249" 9960000 9.25419082271505 6.9982593384237 -2.22351233630591
"250" 10000000 9.20683882632095 7 -2.22574024625797
"251" 10040000 9.14294839477025 7.001733712809 -2.22876451827398
"252" 10080000 9.01502790383096 7.00346053210951 -2.23488371146169
"253" 10120000 8.9313783655041 7.00518051250378 -2.23893229873359
"254" 10160000 8.86200414446327 7.0068937079479 -2.2423188379747
"255" 10200000 8.74083921555104 7.00860017176192 -2.24829765514942
"256" 10240000 8.57244136151326 7.01029995663981 -2.25674626370384
"257" 10280000 8.48700050614705 7.01199311465926 -2.26109655869829
"258" 10320000 8.41248893744628 7.01367969729119 -2.26492628064695
"259" 10360000 8.32440440343 7.01535975540921 -2.26949761649575
"260" 10400000 8.31371585761923 7.01703333929878 -2.27005560946983
"261" 10440000 8.3230602209992 7.01870049866624 -2.26956774981957
"262" 10480000 8.39136780522773 7.02036128264771 -2.26601802954068
"263" 10520000 8.47299494450875 7.02201573981772 -2.26181383949424
"264" 10560000 8.50242625299941 7.02366391819779 -2.26030791306908
"265" 10600000 8.49329035076917 7.02530586526477 -2.26077481568936
"266" 10640000 8.48598445390966 7.02694162795903 -2.26114855495959
"267" 10680000 8.48753477280565 7.02857125269254 -2.26106922021061
"268" 10720000 8.46634855767287 7.03019478535675 -2.26215464246281
"269" 10760000 8.45297657874847 7.03181227133037 -2.26284112112804
"270" 10800000 8.46561359901475 7.03342375548695 -2.2621923449437
"271" 10840000 8.45522777395077 7.03502928220237 -2.26272547529843
"272" 10880000 8.39494683735382 7.03662889536216 -2.26583283654751
"273" 10920000 8.30897800724739 7.03822263836872 -2.27030317732435
"274" 10960000 8.1904834675731 7.03981055414835 -2.27654124873874
"275" 11000000 8.12953287502448 7.04139268515823 -2.27978519513303
"276" 11040000 8.0942452473587 7.04296907339318 -2.28167442784151
"277" 11080000 8.07361100415007 7.04453976039241 -2.28278296600387
"278" 11120000 8.11098957382785 7.04610478724604 -2.28077694363262
"279" 11160000 8.11216342269402 7.04766419460156 -2.28071409566636
"280" 11200000 8.11616191245056 7.04921802267018 -2.28050008441918
"281" 11240000 8.12095222117163 7.05076631123304 -2.2802438314068
"282" 11280000 8.15558824307127 7.05230909964732 -2.27839549564721
"283" 11320000 8.1347319179487 7.05384642685225 -2.279507541546
"284" 11360000 8.11967044657948 7.055378331375 -2.28031238390567
"285" 11400000 8.085626999644 7.05690485133647 -2.28213708387772
"286" 11440000 8.05812678190629 7.05842602445701 -2.28361669073105
"287" 11480000 8.03755512687561 7.05994188806195 -2.28472682215372
"288" 11520000 8.05575170984305 7.06145247908719 -2.28374471462042
"289" 11560000 8.02519009832401 7.06295783408451 -2.28539545813766
"290" 11600000 8.02954655646247 7.06445798922692 -2.28515976622726
"291" 11640000 8.02219299120837 7.06595298031387 -2.2855576811107
"292" 11680000 8.13911081117062 7.06744284277638 -2.27927382548512
"293" 11720000 8.23791663248146 7.06892761168207 -2.27403339418245
"294" 11760000 8.33591124961656 7.07040732174012 -2.26889770462113
"295" 11800000 8.44158503030585 7.07188200730613 -2.26342678739074
"296" 11840000 8.59795653387006 7.0733517023869 -2.25545554152218
"297" 11880000 8.69486640432344 7.07481644064517 -2.25058787327284
"298" 11920000 8.74022992584828 7.07627625540422 -2.24832792917371
"299" 11960000 8.74275227095286 7.07773117965239 -2.24820261410382
"300" 12000000 8.71479325813565 7.07918124604763 -2.2495936980162
"301" 12040000 8.65618571747733 7.08062648692181 -2.25252422117433
"302" 12080000 8.55380856555714 7.08206693428511 -2.25769126026683
"303" 12120000 8.50957872170019 7.08350261983027 -2.2599427264992
"304" 12160000 8.46541155004747 7.08493357493672 -2.26220271038239
"305" 12200000 8.42049587351269 7.08635983067475 -2.26451311941002
"306" 12240000 8.37575232179058 7.08778141780954 -2.26682696037655
"307" 12280000 8.35669379310097 7.08919836680515 -2.26781629778312
"308" 12320000 8.34739490681024 7.09061070782841 -2.26829982675542
"309" 12360000 8.36431809285531 7.0920184707528 -2.26742024620876
"310" 12400000 8.34609015073529 7.09342168516223 -2.26836771531946
"311" 12440000 8.36669166150953 7.0948203803548 -2.26729702259094
"312" 12480000 8.4011871712455 7.0962145853464 -2.26551012625028
"313" 12520000 8.4703647426062 7.09760432887441 -2.26194867487552
"314" 12560000 8.53923099399235 7.09898963940118 -2.25843202499776
"315" 12600000 8.54661700597775 7.10037054511756 -2.25805654413801
"316" 12640000 8.54382946362468 7.10174707394637 -2.25819821560047
"317" 12680000 8.5820708586847 7.10311925354571 -2.25625869077019
"318" 12720000 8.67934279649443 7.10448711131239 -2.25136394531566
"319" 12760000 8.70179631410949 7.10585067438514 -2.25024187337757
"320" 12800000 8.68228470849392 7.10720996964787 -2.25121676370386
"321" 12840000 8.62810567669274 7.10856502373283 -2.25393533109086
"322" 12880000 8.58806251099587 7.10991586302379 -2.25595558984653
"323" 12920000 8.52360965142849 7.11126251365907 -2.25922723429636
"324" 12960000 8.45532372648302 7.11260500153457 -2.26272054681868
"325" 13000000 8.3633193645553 7.11394335230684 -2.26747210555725
"326" 13040000 8.2771379738797 7.1152775913959 -2.27197059214252
"327" 13080000 8.18329020590366 7.11660774398825 -2.27692283384102
"328" 13120000 8.15532717261678 7.11793383503964 -2.27840939817259
"329" 13160000 8.14090975043582 7.11925588927794 -2.27917784656465
"330" 13200000 8.0855276776714 7.12057393120585 -2.28214241868349
"331" 13240000 8.06128140997236 7.12188798510368 -2.28344670464189
"332" 13280000 8.06388145160867 7.123198075032 -2.28330665225856
"333" 13320000 8.10727197022744 7.12450422483428 -2.28097604447378
"334" 13360000 8.15951634383961 7.12580645813953 -2.27818637010812
"335" 13400000 8.16713508470385 7.12710479836481 -2.27778104788133
"336" 13440000 8.14924579503184 7.12839926871781 -2.2787333697179
"337" 13480000 8.10415775103139 7.1296898921993 -2.28114290060581
"338" 13520000 8.03119860911487 7.13097669160562 -2.28507042076466
"339" 13560000 7.93234513206163 7.13225968953104 -2.29044918491216
"340" 13600000 7.79925393314106 7.13353890837022 -2.29779772616396
"341" 13640000 7.67167284088763 7.13481437032046 -2.30496071274137
"342" 13680000 7.63094824863558 7.1360860973841 -2.30727227849783
"343" 13720000 7.61892693139537 7.13735411137073 -2.3079569782429
"344" 13760000 7.62931399905 7.13861843389949 -2.30736529728981
"345" 13800000 7.72124184008952 7.13987908640124 -2.30216363139752
"346" 13840000 7.84919296338258 7.14113609012074 -2.29502578093042
"347" 13880000 7.97203726512829 7.14238946611884 -2.28828146664132
"348" 13920000 8.00687105394258 7.14363923527454 -2.28638795227495
"349" 13960000 8.00533622738168 7.14488541828714 -2.28647120959187
"350" 14000000 7.97709143297749 7.14612803567824 -2.28800621683645
"351" 14040000 7.90139839298914 7.14736710779379 -2.29214682705275
"352" 14080000 7.78407580998611 7.14860265480609 -2.29864372985187
"353" 14120000 7.66577880209195 7.14983469671578 -2.30529450334892
"354" 14160000 7.58747049087582 7.15106325335375 -2.30975377174308
"355" 14200000 7.56221388175749 7.15228834438306 -2.3112018304437
"356" 14240000 7.54279634943433 7.15350998930084 -2.31231840456795
"357" 14280000 7.54420602520268 7.15472820744016 -2.31223724670848
"358" 14320000 7.5383486124892 7.15594301797184 -2.31257456915931
"359" 14360000 7.52187676827944 7.15715443990628 -2.31352457272416
"360" 14400000 7.54242804637807 7.15836249209525 -2.3123396110122
"361" 14440000 7.54363181943403 7.15956719323362 -2.31227030305486
"362" 14480000 7.56426020762473 7.16076856186113 -2.31108432678324
"363" 14520000 7.59505469315634 7.16196661636407 -2.30931988114397
"364" 14560000 7.62062295615966 7.16316137497702 -2.30786031210712
"365" 14600000 7.64854021980316 7.16435285578444 -2.30627223201126
"366" 14640000 7.64509434390406 7.16554107672237 -2.30646793760464
"367" 14680000 7.65890722735695 7.16672605558005 -2.30568397784565
"368" 14720000 7.69581340981797 7.16790781000148 -2.30359625738032
"369" 14760000 7.67760737724321 7.16908635748702 -2.30462488767548
"370" 14800000 7.697203950439 7.17026171539496 -2.30351779269649
"371" 14840000 7.70716089737367 7.17143390094301 -2.30295636121194
"372" 14880000 7.71064560118095 7.17260293120986 -2.30276004435448
"373" 14920000 7.72808813027299 7.17376882313665 -2.30177872069285
"374" 14960000 7.68225822187591 7.17493159352844 -2.30436188586614
"375" 15000000 7.66572470952119 7.17609125905568 -2.30529756790224
"376" 15040000 7.62632173721295 7.17724783625562 -2.30753566355227
"377" 15080000 7.57366515493032 7.17840134153376 -2.31054468648972
"378" 15120000 7.55539401125239 7.17955179116519 -2.31159366919882
"379" 15160000 7.52326834571877 7.18069920129603 -2.31344423393046
"380" 15200000 7.50974821868141 7.18184358794477 -2.31422541023329
"381" 15240000 7.46186607663356 7.18298496700358 -2.31700333658958
"382" 15280000 7.38230916503111 7.18412335423967 -2.32165855763945
"383" 15320000 7.39033364245022 7.18525876529659 -2.32118674137049
"384" 15360000 7.30227731968756 7.18639121569549 -2.32639246458139
"385" 15400000 7.25085812318407 7.18752072083646 -2.32946137936162
"386" 15440000 7.1820398147807 7.18864729599972 -2.33360297839806
"387" 15480000 7.07178316445702 7.18977095634687 -2.340321850936
"388" 15520000 7.04874216804155 7.19089171692217 -2.34173916172951
"389" 15560000 7.02699562112262 7.19200959265367 -2.34308110386898
"390" 15600000 6.93880328658186 7.19312459835446 -2.34856621125553
"391" 15640000 6.88042454268307 7.19423674872383 -2.35223555045029
"392" 15680000 6.80193548642248 7.19534605834842 -2.35721827826475
"393" 15720000 6.73393265608858 7.19645254170339 -2.36158201794209
"394" 15760000 6.64200465760528 7.19755621315354 -2.36755161097045
"395" 15800000 6.57329042329352 7.19865708695442 -2.37206796592852
"396" 15840000 6.51255682492563 7.19975517725347 -2.37609926104068
"397" 15880000 6.49926921427828 7.20085049809108 -2.37698625998617
"398" 15920000 6.53033832688757 7.20194306340165 -2.37491510478144
"399" 15960000 6.63027285972436 7.20303288701471 -2.36831938521309
"400" 16000000 6.68824091250254 7.20411998265593 -2.36453887864134
"401" 16040000 6.72991861007256 7.20520436394814 -2.36184097476685
"402" 16080000 6.74638288505776 7.20628604441243 -2.36077980121939
"403" 16120000 6.79008855193421 7.20736503746907 -2.35797534867076
"404" 16160000 6.79890639951241 7.20844135643857 -2.3574117244886
"405" 16200000 6.78287198007878 7.20951501454263 -2.35843716650675
"406" 16240000 6.73294348353769 7.21058602490516 -2.36164581776869
"407" 16280000 6.69578169343569 7.21165440055318 -2.36404950112137
"408" 16320000 6.64976915697935 7.21272015441784 -2.36704421750085
"409" 16360000 6.62169802781503 7.2137832993353 -2.36888141522852
"410" 16400000 6.63318266276684 7.2148438480477 -2.36812882982986
"411" 16440000 6.64414083906723 7.21590181320403 -2.36741195694822
"412" 16480000 6.63928831724628 7.2169572073611 -2.36772925807869
"413" 16520000 6.6269083275699 7.21801004298436 -2.36853982389604
"414" 16560000 6.61889565124197 7.21906033244886 -2.36906525240827
"415" 16600000 6.62313582591666 7.22010808804005 -2.36878712521462
"416" 16640000 6.62181150873664 7.2211533219547 -2.36887397246753
"417" 16680000 6.67575523916274 7.22219604630172 -2.36535038151076
"418" 16720000 6.69044219179242 7.223236273103 -2.36439596420799
"419" 16760000 6.71503268041483 7.22427401429426 -2.3628026561609
"420" 16800000 6.7692508578335 7.22530928172586 -2.35931017810666
"421" 16840000 6.82096894399483 7.22634208716363 -2.35600471459099
"422" 16880000 6.81151120177608 7.22737244228964 -2.35660731160517
"423" 16920000 6.79958553098634 7.228400358703 -2.35736834570022
"424" 16960000 6.81479820637418 7.2294258479207 -2.35639778634872
"425" 17000000 6.73818470123298 7.23044892137827 -2.36130787546613
"426" 17040000 6.66765303705837 7.23146959043068 -2.36587779430138
"427" 17080000 6.59661151635378 7.23248786635299 -2.37052987814917
"428" 17120000 6.52244666576239 7.23350376034113 -2.3754402502273
"429" 17160000 6.52008028998898 7.23451728351269 -2.37559784299368
"430" 17200000 6.50836122464737 7.23552844690755 -2.37637913779058
"431" 17240000 6.50740257679933 7.23653726148869 -2.37644311182662
"432" 17280000 6.51882913735332 7.23754373814287 -2.37568118871985
"433" 17320000 6.5187424084882 7.23854788768133 -2.37568696676945
"434" 17360000 6.5517211608603 7.23954972084047 -2.37349538106278
"435" 17400000 6.56867650683182 7.2405492482826 -2.37237291244867
"436" 17440000 6.59090476874363 7.24154648059655 -2.37090575016294
"437" 17480000 6.57422762598259 7.24254142829838 -2.37200604976222
"438" 17520000 6.50516221614013 7.24353410183206 -2.37659265594753
"439" 17560000 6.47514376383974 7.24452451157008 -2.37860137152799
"440" 17600000 6.37576963313052 7.24551266781415 -2.38531816986592
"441" 17640000 6.35969057751231 7.2464985807958 -2.38641480064707
"442" 17680000 6.28804669315804 7.24748226067705 -2.39133502879083
"443" 17720000 6.23500210699581 7.24846371755103 -2.39501418219953
"444" 17760000 6.19482773982608 7.24944296144258 -2.39782155236403
"445" 17800000 6.11327660844626 7.25042000230889 -2.40357673994615
"446" 17840000 6.06795799224585 7.2513948500401 -2.4068082212195
"447" 17880000 6.05304385814251 7.2523675144599 -2.40787696611239
"448" 17920000 6.03530525594723 7.25333800532611 -2.40915154587625
"449" 17960000 6.00366265102087 7.25430633233129 -2.41143450575513
"450" 18000000 5.97925648151126 7.25527250510331 -2.4132036037991
"451" 18040000 5.99675784553133 7.25623653320592 -2.41193427478481
"452" 18080000 5.98501001251905 7.25719842613934 -2.41278590548688
"453" 18120000 6.01050552909078 7.25815819334079 -2.41093978577737
"454" 18160000 6.02247504580514 7.25911584418507 -2.41007577760545
"455" 18200000 6.01675445890246 7.26007138798508 -2.41048849828846
"456" 18240000 5.98474943600229 7.2610248339924 -2.41280481429517
"457" 18280000 5.95042206757913 7.26197619139781 -2.41530301514436
"458" 18320000 5.90758756030514 7.26292546933183 -2.41844061945436
"459" 18360000 5.82613966370686 7.26387267686522 -2.42446989548986
"460" 18400000 5.73868563813527 7.26481782300954 -2.43103835177618
"461" 18440000 5.64546740360974 7.26576091671761 -2.4381508826038
"462" 18480000 5.61823473128119 7.26670196688409 -2.44025090659643
"463" 18520000 5.60900866641464 7.26764098234592 -2.44096467574193
"464" 18560000 5.58606162540655 7.26857797188284 -2.44274506424919
"465" 18600000 5.60433390014069 7.26951294421792 -2.44132678459618
"466" 18640000 5.6250144959731 7.27044590801796 -2.43972714078965
"467" 18680000 5.66427563518127 7.27137687189407 -2.43670640792599
"468" 18720000 5.67825866502543 7.27230584440209 -2.43563561446532
"469" 18760000 5.66152821392388 7.27323283404305 -2.43691711083606
"470" 18800000 5.62385850870996 7.27415784926368 -2.43981640108996
"471" 18840000 5.62844062103393 7.27508089845686 -2.4394626980494
"472" 18880000 5.6148085399452 7.27600198996205 -2.44051583498696
"473" 18920000 5.56091648341546 7.27692113206577 -2.44470441409806
"474" 18960000 5.56208455583119 7.27783833300205 -2.44461319997254
"475" 19000000 5.54503099641134 7.27875360095283 -2.44594680860167
"476" 19040000 5.51544562771554 7.27966694404846 -2.44827017918515
"477" 19080000 5.44832730768769 7.28057837036808 -2.45358759689178
"478" 19120000 5.33995106182432 7.28148788794008 -2.46231350983614
"479" 19160000 5.25541562857509 7.28239550474253 -2.46924371854073
"480" 19200000 5.18252959636478 7.28330122870355 -2.47530899583557
"481" 19240000 5.16050729951767 7.28420506770179 -2.47715839007998
"482" 19280000 5.10513825630441 7.28510702956681 -2.48184327871932
"483" 19320000 5.05394016791928 7.28600712207947 -2.48622069064305
"484" 19360000 5.06213947991953 7.28690535297237 -2.48551667943301
"485" 19400000 5.06204616839919 7.28780172993023 -2.48552468495163
"486" 19440000 5.08192144105412 7.28869626059026 -2.48382283955578
"487" 19480000 5.09021777503691 7.2895889525426 -2.48311442359899
"488" 19520000 5.11648058591046 7.29047981333067 -2.48087945620595
"489" 19560000 5.10109015661769 7.29136885045158 -2.4821877874599
"490" 19600000 5.05871484816266 7.29225607135648 -2.48581058717698
"491" 19640000 5.00523828620135 7.29314148345093 -2.49042602885234
"492" 19680000 4.91708573157292 7.29402509409532 -2.49814300630207
"493" 19720000 4.82561217364831 7.29490691060519 -2.50629837131875
"494" 19760000 4.74977682541325 7.29578694025161 -2.51317758257545
"495" 19800000 4.6524958469294 7.29666519026153 -2.52216479264724
"496" 19840000 4.58550556482029 7.29754166781816 -2.52846356194763
"497" 19880000 4.53978896753372 7.29841638006129 -2.53281512166402
"498" 19920000 4.4822023412301 7.29928933408768 -2.53835932866464
"499" 19960000 4.42132413269508 7.30016053695135 -2.54429843204122
"500" 20000000 4.37258503511095 7.30102999566398 -2.54911252267374
"501" 20040000 4.35842038724059 7.30189771719521 -2.55052166938883
"502" 20080000 4.34870102513844 7.30276370847298 -2.55149123599572
"503" 20120000 4.34540624407765 7.30362797638389 -2.55182040269633
"504" 20160000 4.34560914638353 7.30449052777349 -2.55180012443243
"505" 20200000 4.31437402257937 7.30535136944662 -2.5549329944323
"506" 20240000 4.2941729582447 7.30621050816776 -2.55697125405787
"507" 20280000 4.23877433028891 7.3070679506613 -2.56261049115999
"508" 20320000 4.18296960199256 7.30792370361188 -2.5683660782394
"509" 20360000 4.11063339516693 7.30877777366472 -2.57594204060935
"510" 20400000 4.04491877121693 7.3096301674259 -2.58294098210432
"511" 20440000 4.00053031805316 7.31048089146268 -2.58773322071289
"512" 20480000 3.94358241197757 7.31132995230379 -2.59395986574337
"513" 20520000 3.93854211282118 7.31217735643978 -2.5945152932559
"514" 20560000 3.93279845746481 7.31302311032324 -2.59514909590938
"515" 20600000 3.94554361488758 7.31386722036915 -2.59374393824612
"516" 20640000 3.98691425933456 7.31470969295517 -2.58921389074133
"517" 20680000 4.01740478443507 7.3155505344219 -2.58590519432927
"518" 20720000 4.01534687600649 7.3163897510732 -2.5861277179008
"519" 20760000 4.00327141170327 7.31722734917642 -2.58743575160175
"520" 20800000 3.98094252655611 7.31806333496276 -2.58986487911835
"521" 20840000 3.9635009500916 7.31889771462749 -2.59177182014111
"522" 20880000 3.94934375933668 7.31973049433022 -2.59332584947198
"523" 20920000 3.93802461989253 7.32056168019524 -2.59457235982597
"524" 20960000 3.90899423040666 7.32139127831169 -2.59778575735217
"525" 21000000 3.88634946233562 7.32221929473392 -2.60030893679564
"526" 21040000 3.81625426660442 7.3230457354817 -2.60821348392348
"527" 21080000 3.80572431932603 7.32387060654051 -2.60941346129303
"528" 21120000 3.76363183445037 7.32469391386177 -2.61424365344598
"529" 21160000 3.74296921123839 7.32551566336315 -2.61663453204787
"530" 21200000 3.7250509828876 7.32633586092875 -2.61871856568159
"531" 21240000 3.68304958911748 7.32715451240943 -2.62364322047676
"532" 21280000 3.70148053541933 7.32797162362301 -2.62147531682918
"533" 21320000 3.69252983401134 7.32878720035453 -2.62252677386946
"534" 21360000 3.70091938891887 7.32960124835652 -2.62154116110445
"535" 21400000 3.71210983534856 7.33041377334919 -2.6202299689645
"536" 21440000 3.70660325900005 7.33122478102073 -2.62087468352109
"537" 21480000 3.70803843193035 7.33203427702752 -2.6207065600384
"538" 21520000 3.66753647302177 7.33284226699435 -2.62547634525436
"539" 21560000 3.67415898700912 7.3336487565147 -2.62469284174982
"540" 21600000 3.65309459224869 7.33445375115093 -2.62718986891336
"541" 21640000 3.61510452975596 7.33525725643453 -2.63172992745743
"542" 21680000 3.64284535745375 7.33605927786635 -2.62841005139125
"543" 21720000 3.57744856140218 7.33685982091681 -2.63627738883266
"544" 21760000 3.57734418821762 7.33765889102614 -2.63629005969531
"545" 21800000 3.57510969684365 7.33845649360461 -2.6365614147633
"546" 21840000 3.58599326135725 7.3392526340327 -2.63524131765575
"547" 21880000 3.58096359619289 7.34004731766139 -2.63585088074612
"548" 21920000 3.55432873956223 7.34084054981233 -2.63909319358878
"549" 21960000 3.51709129642394 7.34163233577805 -2.64366714492458
"550" 22000000 3.46309119996267 7.34242268082221 -2.65038685799835
"551" 22040000 3.47648193948011 7.34321159017975 -2.64871080923221
"552" 22080000 3.45993141173967 7.34399906905716 -2.65078329717282
"553" 22120000 3.45961780276933 7.34478512263266 -2.65082266350759
"554" 22160000 3.46235435329456 7.34556975605639 -2.6504792732634
"555" 22200000 3.51146227954739 7.34635297445064 -2.64436277922949
"556" 22240000 3.51513374361338 7.34713478291002 -2.64390893309284
"557" 22280000 3.52841416209676 7.34791518650169 -2.64227123022589
"558" 22320000 3.51485517342369 7.34869419026554 -2.64394335178046
"559" 22360000 3.50683670661014 7.34947179921439 -2.64493524304077
"560" 22400000 3.47926674946438 7.35024801833416 -2.648363060132
"561" 22440000 3.46079763017478 7.35102285258412 -2.65067458206892
"562" 22480000 3.45005780766643 7.35179630689702 -2.65202441479188
"563" 22520000 3.40965032217029 7.35256838617931 -2.65714094471507
"564" 22560000 3.41786486669943 7.3533390953113 -2.65609589890174
"565" 22600000 3.42795010104441 7.3541084391474 -2.65481629528581
"566" 22640000 3.36441478240257 7.35487642251623 -2.66294125428563
"567" 22680000 3.34803331836187 7.35564305022087 -2.66506101549813
"568" 22720000 3.29829298652387 7.35640832703898 -2.67156155548537
"569" 22760000 3.29038290096689 7.35717225772303 -2.67260434715335
"570" 22800000 3.27550140706457 7.35793484700045 -2.6745729964465
"571" 22840000 3.26156797045517 7.35869609957381 -2.67642435320828
"572" 22880000 3.24423496240755 7.35945602012099 -2.67873848649464
"573" 22920000 3.25172259894791 7.36021461329535 -2.67773729748088
"574" 22960000 3.19179037413571 7.36097188372594 -2.68581642613478
"575" 23000000 3.17206570773423 7.36172783601759 -2.68850861184643
"576" 23040000 3.14480469979718 7.36248247475117 -2.69225710692541
"577" 23080000 3.10063412182158 7.36323580448369 -2.69840026473303
"578" 23120000 3.08584780129755 7.36398782974849 -2.70047628458376
"579" 23160000 3.03723313737229 7.3647385550554 -2.70737265722514
"580" 23200000 3.04149916271805 7.3654879848909 -2.70676308553157
"581" 23240000 3.04513255452393 7.36623612371829 -2.70624458456991
"582" 23280000 3.02295476733139 7.36698297597785 -2.70941913792548
"583" 23320000 2.98915402120142 7.36772854608698 -2.71430249340402
"584" 23360000 2.99786241967112 7.36847283844036 -2.71303908879969
"585" 23400000 3.00016604963109 7.36921585741014 -2.71270549457476
"586" 23440000 2.97621609963864 7.36995760734605 -2.71618632513226
"587" 23480000 2.99963554397561 7.37069809257558 -2.7127822956742
"588" 23520000 3.00484806558139 7.3714373174041 -2.71202826915466
"589" 23560000 3.01779783091011 7.37217528611506 -2.71016064472912
"590" 23600000 3.02371022421906 7.37291200297011 -2.70931061834988
"591" 23640000 3.05324506350994 7.37364747220922 -2.7050891231715
"592" 23680000 3.08815059951118 7.37438169805088 -2.70015231540251
"593" 23720000 3.10598237129332 7.37511468469222 -2.69765180031256
"594" 23760000 3.11670058511423 7.37584643630916 -2.69615570425423
"595" 23800000 3.14984654294439 7.37657695705651 -2.69156139081937
"596" 23840000 3.20059192025269 7.3773062510682 -2.68462048222832
"597" 23880000 3.23408844968495 7.37803432245733 -2.68009889344221
"598" 23920000 3.26275982525634 7.37876117531637 -2.67626568062611
"599" 23960000 3.30725383949472 7.37948681371727 -2.67038325746157
"600" 24000000 3.34743258396352 7.38021124171161 -2.66513894753118
"601" 24040000 3.35567906732046 7.3809344633307 -2.66407036797883
"602" 24080000 3.35058079201148 7.38165648258579 -2.66473069230473
"603" 24120000 3.34241944355494 7.38237730346811 -2.66578983774969
"604" 24160000 3.32919844477327 7.38309692994909 -2.66751110369398
"605" 24200000 3.32935857892963 7.38381536598043 -2.66749021466946
"606" 24240000 3.31530576336776 7.38453261549425 -2.66932719816137
"607" 24280000 3.32023303048346 7.38524868240322 -2.6686822210528
"608" 24320000 3.34831296106928 7.3859635706007 -2.66502474279665
"609" 24360000 3.38356325569793 7.38667728396084 -2.66047648674684
"610" 24400000 3.36884483431724 7.38738982633873 -2.66236977851068
"611" 24440000 3.43810950940585 7.38810120157052 -2.65353108121512
"612" 24480000 3.5119381528577 7.38881141347352 -2.64430392763615
"613" 24520000 3.52586041155032 7.38952046584638 -2.64258567214542
"614" 24560000 3.59287895448295 7.39022836246913 -2.6344082008776
"615" 24600000 3.6175944990146 7.39093510710338 -2.63143090217031
"616" 24640000 3.64756973725506 7.39164070349239 -2.6278471829294
"617" 24680000 3.64919856628878 7.3923451553612 -2.62765329121086
"618" 24720000 3.69898953480427 7.39304846641678 -2.62176768416588
"619" 24760000 3.72194380164844 7.39375064034808 -2.61908097542775
"620" 24800000 3.75070800998855 7.39445168082622 -2.61573753083222
"621" 24840000 3.74093798642561 7.39515159150454 -2.61687027782238
"622" 24880000 3.74410016876986 7.39585037601878 -2.61650332754207
"623" 24920000 3.74635042139291 7.39654803798713 -2.61624238934758
"624" 24960000 3.69078686478259 7.39724458101039 -2.62273182045303
"625" 25000000 3.64709718876258 7.39794000867204 -2.62790345011886
"626" 25040000 3.64530386094355 7.39863432453839 -2.62811705120482
"627" 25080000 3.56417735551642 7.39932753215868 -2.63789148012947
"628" 25120000 3.54889017982251 7.40001963506516 -2.63975822643454
"629" 25160000 3.52342843064359 7.40071063677323 -2.64288533242419
"630" 25200000 3.50105189320163 7.40140054078154 -2.64565223877408
"631" 25240000 3.44543531993378 7.4020893505721 -2.65260668532091
"632" 25280000 3.43322117969754 7.40277706961035 -2.65414900373181
"633" 25320000 3.41786721091504 7.40346370134532 -2.65609560103169
"634" 25360000 3.43104013472759 7.40414924920969 -2.65442498851261
"635" 25400000 3.41900524528724 7.40483371661994 -2.65595101970279
"636" 25440000 3.4173385328221 7.40551710697638 -2.65616278320222
"637" 25480000 3.48453769981168 7.40619942366331 -2.64770561918746
"638" 25520000 3.4484645500419 7.40688067004912 -2.6522250209423
"639" 25560000 3.46231220828124 7.40756084948636 -2.65048455968306
"640" 25600000 3.4790278064397 7.40823996531185 -2.64839288687656
"641" 25640000 3.45695165301377 7.40891802084678 -2.65115748098944
"642" 25680000 3.46151731283608 7.40959501939682 -2.65058427869144
"643" 25720000 3.45540410513501 7.41027096425218 -2.65135194190522
"644" 25760000 3.47459105333474 7.41094585868777 -2.64894708971436
"645" 25800000 3.51014655534197 7.41161970596323 -2.64452553730453
"646" 25840000 3.56961592416589 7.41229250932305 -2.6372292964303
"647" 25880000 3.59040525908773 7.41296427199666 -2.63470731539697
"648" 25920000 3.62216217397614 7.41363499719856 -2.63088289582597
"649" 25960000 3.60267280994657 7.41430468812833 -2.6332259649212
"650" 26000000 3.56016033670261 7.41497334797082 -2.63838122931452
"651" 26040000 3.58174016876991 7.41564097989615 -2.63575670927194
"652" 26080000 3.57084269532318 7.41630758705988 -2.63708006793454
"653" 26120000 3.55873851776358 7.41697317260304 -2.63855470786516
"654" 26160000 3.6055206777267 7.41763773965223 -2.63288279618452
"655" 26200000 3.58257466536423 7.41830129131975 -2.63565553636815
"656" 26240000 3.57810202720271 7.41896383070362 -2.63619806674876
"657" 26280000 3.56055642540853 7.41962536088774 -2.63833291419534
"658" 26320000 3.57172090385459 7.42028588494192 -2.63697327123171
"659" 26360000 3.55402994334508 7.42094540592197 -2.63912970428111
"660" 26400000 3.59422117460311 7.42160392686983 -2.63424598836129
"661" 26440000 3.61488285891335 7.4222614508136 -2.6317565583265
"662" 26480000 3.63420919459639 7.42291798076766 -2.62944086395636
"663" 26520000 3.63993906688285 7.42357351973274 -2.62875667321917
"664" 26560000 3.65412659500833 7.42422807069598 -2.62706719762825
"665" 26600000 3.68060347798292 7.42488163663107 -2.62393175460439
"666" 26640000 3.68887408995587 7.42553422049826 -2.62295695479892
"667" 26680000 3.69749594031929 7.42618582524451 -2.62194308094156
"668" 26720000 3.73752551186015 7.42683645380351 -2.61726662099544
"669" 26760000 3.77513798591068 7.42748610909579 -2.61291795652555
"670" 26800000 3.8013120899899 7.42813479402879 -2.60991725987249
"671" 26840000 3.8094617246759 7.42878251149695 -2.60898717239056
"672" 26880000 3.84216061662547 7.42942926438179 -2.60527527074315
"673" 26920000 3.83080717881826 7.43007505555194 -2.60656049417175
"674" 26960000 3.82034496491701 7.43071988786328 -2.60774820669199
"675" 27000000 3.82882553943542 7.43136376415899 -2.60678520861954
"676" 27040000 3.82383178299193 7.4320066872696 -2.60735200812038
"677" 27080000 3.81478431682963 7.43264866001311 -2.60838079826131
"678" 27120000 3.82856195226649 7.43328968519503 -2.606815107708
"679" 27160000 3.88005746069091 7.43392976560846 -2.60101262956358
"680" 27200000 3.87315458688088 7.4345689040342 -2.60178595570987
"681" 27240000 3.90238102928272 7.43520710324075 -2.59852111504439
"682" 27280000 3.93845024224735 7.43584436598444 -2.59452542374263
"683" 27320000 3.96637996197336 7.43648069500949 -2.59145647138812
"684" 27360000 4.01603810319204 7.43711609304808 -2.58605296213851
"685" 27400000 3.98615727958234 7.43775056282039 -2.58929635635792
"686" 27440000 4.02067001638986 7.43838410703471 -2.58555235553808
"687" 27480000 4.01546834092973 7.43901672838751 -2.58611458061785
"688" 27520000 3.99616150531668 7.43964842956347 -2.58820775480639
"689" 27560000 3.96333964967239 7.44027921323559 -2.59178949474454
"690" 27600000 3.92721856239998 7.44090908206522 -2.59576571494143
"691" 27640000 3.95080096968307 7.44153803870216 -2.59316563508571
"692" 27680000 3.97664509223569 7.44216608578472 -2.59033395398941
"693" 27720000 4.0020757715783 7.44279322593977 -2.58756547986977
"694" 27760000 4.06636989634305 7.44341946178282 -2.5806439051851
"695" 27800000 4.0886750937728 7.44404479591808 -2.57826818602487
"696" 27840000 4.11787206778439 7.44466923093852 -2.57517793675133
"697" 27880000 4.0997031108944 7.44529276942597 -2.57709837931632
"698" 27920000 4.15441643942532 7.44591541395112 -2.57134075863994
"699" 27960000 4.16903589077957 7.44653716707364 -2.5698151528387
"700" 28000000 4.17223418701689 7.44715803134222 -2.56948210943824
"701" 28040000 4.22308878110089 7.44777800929462 -2.56422057517358
"702" 28080000 4.2563397284812 7.44839710345777 -2.5608145020005
"703" 28120000 4.2973842796793 7.44901531634779 -2.55664659597668
"704" 28160000 4.32046259852775 7.44963265047007 -2.55432053689748
"705" 28200000 4.36004641762618 7.45024910831936 -2.55035967392613
"706" 28240000 4.38788928317607 7.45086469237977 -2.54759512601132
"707" 28280000 4.42701047024116 7.45147940512486 -2.5437402376534
"708" 28320000 4.47590349818205 7.45209324901773 -2.53897007233702
"709" 28360000 4.49353105593753 7.45270622651103 -2.53726303921856
"710" 28400000 4.52440261226906 7.45331834004704 -2.53428954231089
"711" 28440000 4.47047467977844 7.45392959205773 -2.53949714734289
"712" 28480000 4.472946808145 7.45453998496482 -2.53925705316038
"713" 28520000 4.46054689029743 7.45514952117983 -2.54046267764223
"714" 28560000 4.44203851233306 7.45575820310414 -2.5422684672272
"715" 28600000 4.45117633379431 7.45636603312904 -2.54137598753284
"716" 28640000 4.47762681318524 7.45697301363582 -2.53880289220143
"717" 28680000 4.55392918586796 7.45757914699576 -2.53146451377377
"718" 28720000 4.55205592060231 7.45818443557026 -2.53164319818188
"719" 28760000 4.70612073126233 7.45878888171084 -2.5171877223611
"720" 28800000 4.75197592335562 7.45939248775923 -2.51297655521895
"721" 28840000 4.80365844994381 7.45999525604739 -2.50827866618312
"722" 28880000 4.87035465534399 7.4605971888976 -2.50229019943121
"723" 28920000 4.89184873074238 7.46119828862249 -2.50037776776917
"724" 28960000 4.91852897141521 7.46179855752511 -2.4980155529353
"725" 29000000 4.90977217395441 7.46239799789896 -2.49878944656482
"726" 29040000 4.90880844001089 7.46299661202806 -2.49887470213311
"727" 29080000 4.94727245350212 7.463594402187 -2.4954849585227
"728" 29120000 4.99457724594592 7.464191370641 -2.49135205247619
"729" 29160000 5.02423930094094 7.46478751964594 -2.48878047041662
"730" 29200000 5.05220285327189 7.46538285144842 -2.48637000698867
"731" 29240000 5.08917991344753 7.46597736828582 -2.48320298238736
"732" 29280000 5.08980421270057 7.46657107238635 -2.48314970993549
"733" 29320000 5.11232140864936 7.46716396596909 -2.48123263692726
"734" 29360000 5.1413133511928 7.46775605124403 -2.47877671285449
"735" 29400000 5.16738045144772 7.46834733041216 -2.47658034886397
"736" 29440000 5.20719200151645 7.46893780566546 -2.47324719533708
"737" 29480000 5.2188578289633 7.46952747918701 -2.47227532071847
"738" 29520000 5.2268013568927 7.470116353151 -2.47161479160294
"739" 29560000 5.22359896238441 7.47070442972279 -2.47188095983858
"740" 29600000 5.17661685703604 7.47129171105894 -2.47580476454659
"741" 29640000 5.16864610551366 7.47187819930729 -2.47647398950497
"742" 29680000 5.15643243034612 7.47246389660699 -2.47750145562733
"743" 29720000 5.15982773522225 7.47304880508854 -2.47721558415808
"744" 29760000 5.21019442736377 7.47363292687384 -2.4729968567281
"745" 29800000 5.20907565756402 7.47421626407626 -2.47309012152467
"746" 29840000 5.18588618416603 7.47479881880063 -2.47502780579808
"747" 29880000 5.18428888337236 7.47538059314336 -2.47516159311056
"748" 29920000 5.17491685646842 7.47596158919242 -2.4759474102439
"749" 29960000 5.14191105951263 7.47654180902743 -2.47872622646715
"750" 30000000 5.12004993377567 7.47712125471966 -2.48057659028049
"751" 30040000 5.08851054133543 7.47769992833213 -2.48326010823852
"752" 30080000 5.03572178351317 7.4782778319196 -2.48778905883094
"753" 30120000 5.00436197779921 7.47885496752866 -2.49050207103073
"754" 30160000 4.96048203880647 7.47943133719774 -2.49432690532112
"755" 30200000 4.87588831029675 7.48000694295715 -2.50179703789656
"756" 30240000 4.82644659109178 7.48058178682917 -2.50622328207591
"757" 30280000 4.79406218436698 7.48115587082803 -2.50914712375435
"758" 30320000 4.74132799836049 7.48172919696002 -2.51395078653956
"759" 30360000 4.73312693702415 7.48230176722344 -2.51470263487236
"760" 30400000 4.72776695671183 7.48287358360875 -2.5151947258202
"761" 30440000 4.70894649283302 7.48344464809854 -2.5169270311382
"762" 30480000 4.69318203550012 7.48401496266756 -2.51838338715908
"763" 30520000 4.6706185680039 7.48458452928284 -2.52047638524975
"764" 30560000 4.67819986870126 7.48515334990365 -2.51977201435999
"765" 30600000 4.63347586504772 7.48572142648158 -2.52394388157511
"766" 30640000 4.64241924256226 7.48628876096057 -2.52310642908937
"767" 30680000 4.68418499962198 7.48685535527694 -2.51921674778571
"768" 30720000 4.66875318076923 7.48742121135947 -2.52064987173582
"769" 30760000 4.65102542499516 7.48798633112939 -2.52230207317119
"770" 30800000 4.69051349382049 7.48855071650044 -2.51863039708258
"771" 30840000 4.68465302579351 7.48911436937892 -2.51917335687997
"772" 30880000 4.69867447175174 7.4896772916637 -2.51787542900908
"773" 30920000 4.72559790714699 7.49023948524629 -2.51539402126412
"774" 30960000 4.77643982533149 7.49080095201086 -2.51074647599917
"775" 31000000 4.83489039971696 7.49136169383427 -2.50546415310042
"776" 31040000 4.86539071517626 7.49192171258615 -2.50273306475443
"777" 31080000 4.88185195868634 7.49248101012888 -2.50126618139932
"778" 31120000 4.92694619741622 7.49303958831765 -2.4972729669995
"779" 31160000 4.95026808805934 7.49359744900053 -2.49522206743531
"780" 31200000 4.98018751796884 7.49415459401844 -2.49260509130763
"781" 31240000 5.04251238853695 7.49471102520526 -2.4872038129066
"782" 31280000 5.04522935736456 7.49526674438781 -2.48696987261994
"783" 31320000 5.07086710616002 7.49582175338591 -2.48476855777307
"784" 31360000 5.08377774932612 7.4963760540124 -2.48366423080037
"785" 31400000 5.09743138241456 7.49692964807322 -2.4824993984143
"786" 31440000 5.12841844488757 7.49748253736737 -2.47986733327327
"787" 31480000 5.12767261921628 7.49803472368703 -2.47993049729396
"788" 31520000 5.14678470352412 7.49858620881752 -2.4783147852295
"789" 31560000 5.15078990043377 7.49913699453738 -2.47797695130813
"790" 31600000 5.17434530916254 7.4996870826184 -2.47599537885024
"791" 31640000 5.23775113106317 7.50023647482564 -2.47070592746539
"792" 31680000 5.2641758903144 7.50078517291746 -2.46852039497706
"793" 31720000 5.3028400374273 7.50133317864557 -2.46534226014905
"794" 31760000 5.27075473383933 7.50188049375506 -2.4679779792909
"795" 31800000 5.25543789602796 7.50242711998443 -2.46924187841768
"796" 31840000 5.22757805455638 7.50297305906563 -2.47155026065437
"797" 31880000 5.20116592459615 7.50351831272407 -2.4737500781674
"798" 31920000 5.15677563777395 7.50406288267869 -2.47747255034565
"799" 31960000 5.11465768151344 7.50460677064195 -2.48103421461276
"800" 32000000 5.06558976126355 7.50514997831991 -2.48522077140249
"801" 32040000 5.00693078501846 7.5056925074122 -2.49027919894991
"802" 32080000 4.95279728353796 7.50623435961213 -2.49500023396806
"803" 32120000 4.91798289486223 7.50677553660664 -2.49806377288097
"804" 32160000 4.91037610814149 7.50731604007641 -2.49873602877974
"805" 32200000 4.90466776654336 7.50785587169583 -2.49924119239756
"806" 32240000 4.91776855826364 7.50839503313305 -2.49808270080986
"807" 32280000 4.94005358574154 7.50893352605003 -2.49611912694774
"808" 32320000 4.95047312860011 7.50947135210255 -2.4952040792921
"809" 32360000 4.95684212066683 7.51000851294023 -2.49464570027189
"810" 32400000 4.97118455192276 7.51054501020661 -2.49339090044306
"811" 32440000 4.98483221767756 7.51108084553912 -2.49220024161276
"812" 32480000 4.99418589846382 7.51161602056914 -2.49138608272591
"813" 32520000 5.01243547490686 7.51215053692203 -2.48980199178498
"814" 32560000 5.02683817115812 7.51268439621716 -2.48855588255073
"815" 32600000 5.03079244129307 7.51321760006794 -2.48821438705259
"816" 32640000 5.07375869666984 7.51375015008182 -2.48452097804746
"817" 32680000 5.07027042274579 7.51428204786038 -2.48481966373901
"818" 32720000 5.0210881472493 7.51481329499929 -2.48905294111742
"819" 32760000 4.99059725822897 7.51534389308838 -2.49169826310963
"820" 32800000 4.9776575319064 7.51587384371168 -2.49282577339383
"821" 32840000 4.92159068179834 7.5164031484474 -2.4977452952526
"822" 32880000 4.88954497940624 7.51693180886801 -2.50058234117478
"823" 32920000 4.85773571339189 7.51745982654023 -2.50341690358862
"824" 32960000 4.82966590497168 7.51798720302508 -2.50593369756539
"825" 33000000 4.79411267211009 7.51851393987789 -2.50914255008969
"826" 33040000 4.74216295914259 7.51904003864834 -2.51387431283113
"827" 33080000 4.6932616160991 7.51956550088051 -2.51837602304626
"828" 33120000 4.6592219029572 7.52009032811284 -2.52153739185947
"829" 33160000 4.63620774840375 7.52061452187824 -2.52368789831817
"830" 33200000 4.61716194682916 7.52113808370404 -2.52547567908998
"831" 33240000 4.59354902889743 7.52166101511207 -2.52770243063011
"832" 33280000 4.56214794986845 7.52218331761869 -2.53068142149243
"833" 33320000 4.55537233920678 7.52270499273475 -2.53132690639848
"834" 33360000 4.56695892096833 7.5232260419657 -2.53022368155702
"835" 33400000 4.57086993257226 7.52374646681156 -2.52985192347549
"836" 33440000 4.59260540094075 7.52426626876698 -2.52779165456362
"837" 33480000 4.65334233599246 7.52478544932122 -2.52208578299268
"838" 33520000 4.69352298284068 7.52530400995824 -2.51835183795232
"839" 33560000 4.72675062398293 7.52582195215666 -2.51528809656998
"840" 33600000 4.75737053378842 7.52633927738984 -2.51248380846609
"841" 33640000 4.78695512437251 7.52685598712587 -2.50979143059668
"842" 33680000 4.81341294024926 7.52737208282761 -2.50739766559691
"843" 33720000 4.84277966464112 7.5278875659527 -2.5047560766814
"844" 33760000 4.87030613432012 7.52840243795362 -2.50229452612185
"845" 33800000 4.89160166409526 7.52891670027766 -2.50039970270566
"846" 33840000 4.8664103029788 7.52943035436699 -2.50264206384776
"847" 33880000 4.89278432356317 7.52994340165867 -2.50029471451651
"848" 33920000 4.90071282779656 7.53045584358468 -2.49959153232585
"849" 33960000 4.87904696616827 7.53096768157191 -2.50151578808315
"850" 34000000 4.89665660410392 7.53147891704226 -2.49995113817311
"851" 34040000 4.88354543021743 7.53198955141255 -2.50111555458522
"852" 34080000 4.82572101522248 7.53249958609466 -2.50628857592693
"853" 34120000 4.75587765180774 7.53300902249549 -2.51262011320638
"854" 34160000 4.73841747902454 7.53351786201697 -2.5142174651186
"855" 34200000 4.69816437863482 7.53402610605614 -2.51792257904106
"856" 34240000 4.65238382480258 7.53453375600512 -2.52217524965329
"857" 34280000 4.6073699763516 7.53504081325116 -2.52639769884731
"858" 34320000 4.58533818581682 7.53554727917667 -2.52847941474799
"859" 34360000 4.55497181650446 7.5360531551592 -2.53136509261771
"860" 34400000 4.52902965922345 7.53655844257153 -2.53384562202199
"861" 34440000 4.53438755313896 7.53706314278162 -2.53333215034157
"862" 34480000 4.49406077188365 7.53756725715268 -2.53721184581391
"863" 34520000 4.47688543229383 7.53807078704317 -2.53887480625371
"864" 34560000 4.49748523034078 7.53857373380686 -2.53688104097056
"865" 34600000 4.49351201731546 7.53907609879278 -2.53726487928285
"866" 34640000 4.53453409663438 7.53957788334531 -2.53331811492835
"867" 34680000 4.57320330999557 7.54007908880417 -2.52963027762156
"868" 34720000 4.5995350721442 7.54057971650445 -2.52713685200833
"869" 34760000 4.59955752503811 7.54107976777663 -2.52713473198011
"870" 34800000 4.59168352299233 7.54157924394658 -2.52787883964907
"871" 34840000 4.57859605349577 7.54207814633563 -2.52911845717566
"872" 34880000 4.57525377718695 7.54257647626053 -2.52943559854224
"873" 34920000 4.5496824744077 7.54307423503353 -2.53186969878298
"874" 34960000 4.53208575005088 7.54357142396237 -2.53355266836829
"875" 35000000 4.51202478573522 7.54406804435028 -2.53547931010006
"876" 35040000 4.48553784905805 7.54456409749604 -2.53803626116266
"877" 35080000 4.44608122794108 7.545059584694 -2.54187339397147
"878" 35120000 4.39735286779637 7.54555450723406 -2.54665946957779
"879" 35160000 4.35175117258722 7.54604886640173 -2.55118673176303
"880" 35200000 4.32631483381901 7.54654266347813 -2.55373266612094
"881" 35240000 4.2834873144277 7.54703589974001 -2.5580533017022
"882" 35280000 4.25180906090302 7.54752857645978 -2.5612770336659
"883" 35320000 4.21300028569216 7.54802069490553 -2.56525929819812
"884" 35360000 4.18855065838622 7.54851225634104 -2.56778701439469
"885" 35400000 4.1620908333513 7.54900326202579 -2.57053923276598
"886" 35440000 4.11412913298198 7.54949371321501 -2.5755728677051
"887" 35480000 4.07940346799875 7.54998361115969 -2.57925412601329
"888" 35520000 4.05243909421886 7.55047295710656 -2.58213429039693
"889" 35560000 4.08583172192513 7.55096175229818 -2.57857031085786
"890" 35600000 4.08643640698108 7.55144999797287 -2.57850604194758
"891" 35640000 4.09151882057933 7.55193769536484 -2.57796623354726
"892" 35680000 4.09550612110151 7.55242484570409 -2.57754320741415
"893" 35720000 4.10076890355011 7.55291145021651 -2.57698549121158
"894" 35760000 4.09728665947466 7.55339751012388 -2.57735443710757
"895" 35800000 4.06099672981905 7.55388302664387 -2.58121814700759
"896" 35840000 4.07209453576289 7.55436800099009 -2.58003293496051
"897" 35880000 4.04865409923183 7.55485243437205 -2.58254011280071
"898" 35920000 4.06265841985245 7.55533632799527 -2.58104047752042
"899" 35960000 4.04990675136485 7.55581968306119 -2.58240576302586
"900" 36000000 4.03778812417995 7.55630250076729 -2.58370726040787
"901" 36040000 4.03223940914001 7.55678478230703 -2.5843044768841
"902" 36080000 4.01223192628354 7.5572665288699 -2.5864647573936
"903" 36120000 3.98812449750635 7.55774774164147 -2.5890820795289
"904" 36160000 4.00578009116294 7.55822842180333 -2.58716368301
"905" 36200000 4.01766819665534 7.55870857053317 -2.58587671954776
"906" 36240000 4.03748098797662 7.55918818900478 -2.58374029647305
"907" 36280000 4.05464113877736 7.55966727838806 -2.58189836431832
"908" 36320000 4.09250466206833 7.56014583984905 -2.57786160395482
"909" 36360000 4.07670908384453 7.56062387454993 -2.57954106570556
"910" 36400000 4.06456670756074 7.56110138364906 -2.58083653119831
"911" 36440000 4.07570619006114 7.56157836830096 -2.57964791777912
"912" 36480000 4.08721570158026 7.56205482965638 -2.5784232286982
"913" 36520000 4.09848560086383 7.56253076886226 -2.57722737314908
"914" 36560000 4.09396510533279 7.56300618706179 -2.57770665011619
"915" 36600000 4.10530217039412 7.56348108539441 -2.57650565793744
"916" 36640000 4.10856398005206 7.56395546499581 -2.57616073242149
"917" 36680000 4.10714059809689 7.56442932699798 -2.57631121663841
"918" 36720000 4.10080896667297 7.5649026725292 -2.57698124832235
"919" 36760000 4.12066595868935 7.56537550271407 -2.57488337685595
"920" 36800000 4.13124898776741 7.56584781867352 -2.57376941635583
"921" 36840000 4.15300298925607 7.56631962152481 -2.5714885430681
"922" 36880000 4.20185822641274 7.56679091238159 -2.56640939185282
"923" 36920000 4.27611548558901 7.56726169235387 -2.55880136103451
"924" 36960000 4.28140217474068 7.56773196254807 -2.5582647614482
"925" 37000000 4.34253520714542 7.56820172406699 -2.55210743859532
"926" 37040000 4.38308998007538 7.5686709780099 -2.548070400436
"927" 37080000 4.41882517418306 7.56913972547246 -2.54454396724283
"928" 37120000 4.45426874919982 7.56960796754682 -2.54107437004201
"929" 37160000 4.48107459673036 7.5700757053216 -2.53846861307461
"930" 37200000 4.51022790801214 7.5705429398819 -2.53565229884613
"931" 37240000 4.51288760653767 7.57100967230931 -2.53539626922426
"932" 37280000 4.5159612869787 7.57147590368194 -2.53510057649045
"933" 37320000 4.50130256130273 7.57194163507446 -2.53651258114904
"934" 37360000 4.49400732435031 7.57240686755806 -2.53721701087687
"935" 37400000 4.46995947002209 7.57287160220048 -2.53954720145675
"936" 37440000 4.43563864637673 7.57333584006607 -2.54289462808021
"937" 37480000 4.39268465940888 7.57379958221574 -2.54712075937943
"938" 37520000 4.35845968867946 7.57426282970703 -2.55051775321748
"939" 37560000 4.304561626371 7.57472558359407 -2.55592185698848
"940" 37600000 4.26382108631889 7.57518784492766 -2.56005181375277
"941" 37640000 4.23941568864365 7.57564961475522 -2.56254478411773
"942" 37680000 4.1966366571546 7.57611089412084 -2.56694941695001
"943" 37720000 4.18291755909473 7.57657168406529 -2.56837148159781
"944" 37760000 4.15582337891752 7.57703198562603 -2.57119370486603
"945" 37800000 4.11257825007138 7.57749179983723 -2.57573661241286
"946" 37840000 4.07167008073525 7.57795112772976 -2.58007820603235
"947" 37880000 4.04229081288023 7.57840997033124 -2.58322323220124
"948" 37920000 4.00231997015942 7.57886832866603 -2.58753898090602
"949" 37960000 3.98475241550085 7.57932620375526 -2.58944944421064
"950" 38000000 3.98843178454312 7.57978359661681 -2.58904861820555
"951" 38040000 3.98526624839403 7.58024050826538 -2.58939344564907
"952" 38080000 3.99343597903519 7.58069693971244 -2.58850406036436
"953" 38120000 3.99991832054384 7.58115289196629 -2.58779966377222
"954" 38160000 4.01027988655993 7.58160836603206 -2.58667610269715
"955" 38200000 3.99139561742849 7.58206336291171 -2.58872601064482
"956" 38240000 4.00181349278203 7.58251788360406 -2.58759394259088
"957" 38280000 4.01068260414959 7.58297192910481 -2.58663249246277
"958" 38320000 3.98860240335679 7.58342550040651 -2.58903004017077
"959" 38360000 3.96350342785395 7.58387859849863 -2.59177154864422
"960" 38400000 3.9178208722768 7.58433122436753 -2.59680621115547
"961" 38440000 3.89306444315383 7.58478337899651 -2.59955919398079
"962" 38480000 3.8568199928192 7.58523506336578 -2.60362141701734
"963" 38520000 3.83159255521203 7.5856862784525 -2.60647146602206
"964" 38560000 3.80631834075967 7.58613702523079 -2.60934567916337
"965" 38600000 3.79186953626339 7.58658730467176 -2.61099740026535
"966" 38640000 3.77926199854075 7.58703711774346 -2.61244378621152
"967" 38680000 3.73859909160277 7.58748646541096 -2.61714189066094
"968" 38720000 3.75502722526159 7.58793534863636 -2.61523769663677
"969" 38760000 3.78955276441544 7.58838376837873 -2.61126282836599
"970" 38800000 3.80475857260949 7.58883172559421 -2.60952368254394
"971" 38840000 3.8129815199543 7.58927922123597 -2.60858608635386
"972" 38880000 3.8350941608446 7.58972625625424 -2.60607475537871
"973" 38920000 3.83776682398079 7.59017283159631 -2.60577220254964
"974" 38960000 3.83874545757255 7.59061894820658 -2.60566147122911
"975" 39000000 3.83641081636488 7.5910646070265 -2.60592568000579
"976" 39040000 3.84624855127702 7.59150980899465 -2.60481344110061
"977" 39080000 3.85874811099437 7.59195455504674 -2.60340435688901
"978" 39120000 3.85214627968517 7.59239884611556 -2.60414801630473
"979" 39160000 3.82266882639061 7.5928426831311 -2.60748411185366
"980" 39200000 3.79899603929986 7.59328606702046 -2.61018194600061
"981" 39240000 3.75184153755306 7.59372899870791 -2.61560629950426
"982" 39280000 3.71995194231258 7.59417147911491 -2.61931345746424
"983" 39320000 3.71369800834838 7.5946135091601 -2.62004420202974
"984" 39360000 3.71970291129472 7.5950550897593 -2.61934253214554
"985" 39400000 3.72580425071571 7.59549622182557 -2.61863075292668
"986" 39440000 3.69963405640039 7.59593690626917 -2.62169201815317
"987" 39480000 3.680990756903 7.5963771439976 -2.62388605985601
"988" 39520000 3.66788564044125 7.59681693591559 -2.62543500026254
"989" 39560000 3.65189749506926 7.59725628292514 -2.62733220793242
"990" 39600000 3.63957424413298 7.59769518592551 -2.6288002037412
"991" 39640000 3.63326288721855 7.59813364581324 -2.62955396410179
"992" 39680000 3.63632087151624 7.59857166348214 -2.6291885880834
"993" 39720000 3.66340413683601 7.59900923982334 -2.62596595527535
"994" 39760000 3.65761094979253 7.59944637572528 -2.62665327791052
"995" 39800000 3.6804051552509 7.59988307207369 -2.62395515641587
"996" 39840000 3.68461057457181 7.60031932975166 -2.62345919261331
"997" 39880000 3.68693875243664 7.60075514963962 -2.62318486362537
"998" 39920000 3.70230336223957 7.60119053261533 -2.62137878533826
"999" 39960000 3.70608133297794 7.60162547955394 -2.62093584074124
"1000" 40000000 3.72701967745 7.60205999132796 -2.61848910108206
"1001" 40040000 3.73754743039327 7.60249406880728 -2.61726407410445
"1002" 40080000 3.75005799477106 7.60292771285919 -2.61581280261716
"1003" 40120000 3.76103236352937 7.60336092434838 -2.61454371625066
"1004" 40160000 3.77419335849706 7.60379370413696 -2.61302664071402
"1005" 40200000 3.78684471179178 7.60422605308447 -2.61157329052559
"1006" 40240000 3.80382579813741 7.60465797204787 -2.60963016721661
"1007" 40280000 3.79100129505729 7.60508946188158 -2.61109685398804
"1008" 40320000 3.78396417378372 7.60552052343747 -2.61190377088538
"1009" 40360000 3.77979134105219 7.60595115756487 -2.61238296099392
"1010" 40400000 3.78358386556372 7.6063813651106 -2.61194742194928
"1011" 40440000 3.78337374151287 7.60681114691896 -2.61197154147539
"1012" 40480000 3.79731078578917 7.60724050383174 -2.61037464393374
"1013" 40520000 3.8385033729677 7.60766943668824 -2.6056888602093
"1014" 40560000 3.8480688558285 7.60809794632528 -2.60460795224565
"1015" 40600000 3.88943180952114 7.60852603357719 -2.59996462504168
"1016" 40640000 3.94393710159453 7.60895369927586 -2.59392080663404
"1017" 40680000 3.97125749854139 7.60938094425071 -2.59092273890312
"1018" 40720000 4.01159590906165 7.6098077693287 -2.58653360701902
"1019" 40760000 4.03646794912498 7.61023417533439 -2.58384927838239
"1020" 40800000 4.10324222692828 7.61066016308988 -2.5767236313212
"1021" 40840000 4.14942999571384 7.61108573341487 -2.57186234469417
"1022" 40880000 4.20286331921669 7.61151088712666 -2.56630552017587
"1023" 40920000 4.26951443788487 7.61193562504012 -2.55947230026042
"1024" 40960000 4.34994723937499 7.61235994796777 -2.55136679735803
"1025" 41000000 4.41211252027146 7.61278385671974 -2.54520420723434
"1026" 41040000 4.44570230578319 7.61320735210376 -2.54191040877322
"1027" 41080000 4.48247645081934 7.61363043492524 -2.53833277014874
"1028" 41120000 4.54519621166099 7.61405310598722 -2.53229815074602
"1029" 41160000 4.56791727038871 7.61447536609039 -2.53013255697956
"1030" 41200000 4.58661407072442 7.61489721603313 -2.52835858773909
"1031" 41240000 4.61838464641357 7.61531865661148 -2.52536068607245
"1032" 41280000 4.62985079222451 7.61573968861916 -2.5242837916878
"1033" 41320000 4.63583819289054 7.61616031284758 -2.523722517629
"1034" 41360000 4.66710242978255 7.61658053008589 -2.52080345424221
"1035" 41400000 4.67345036640173 7.6170003411209 -2.52021315207707
"1036" 41440000 4.7028515933886 7.61741974673718 -2.51748951272615
"1037" 41480000 4.71406269698864 7.617838747717 -2.5164554324362
"1038" 41520000 4.72136052195667 7.6182573448404 -2.51578362245546
"1039" 41560000 4.72983455326608 7.61867553888514 -2.51500483712851
"1040" 41600000 4.73528843071617 7.61909333062674 -2.51450434935932
"1041" 41640000 4.73616798839093 7.6195107208385 -2.51442368868184
"1042" 41680000 4.73330847473151 7.61992771029147 -2.51468597795322
"1043" 41720000 4.73938018141771 7.62034429975449 -2.51412923864374
"1044" 41760000 4.73716455624563 7.62076048999421 -2.51433231557323
"1045" 41800000 4.74540249332242 7.62117628177504 -2.51357773266418
"1046" 41840000 4.77790316126378 7.62159167585922 -2.51061344357058
"1047" 41880000 4.80120252198035 7.6220066730068 -2.50850076122205
"1048" 41920000 4.82695135278403 7.62242127397567 -2.50617786486239
"1049" 41960000 4.83866996094632 7.62283547952152 -2.50512478628857
"1050" 42000000 4.86163747521434 7.6232492903979 -2.50306821572834
"1051" 42040000 4.85604268145712 7.6236627073562 -2.50356829152533
"1052" 42080000 4.86728811849887 7.62407573114568 -2.50256373176452
"1053" 42120000 4.88578187870568 7.62448836251345 -2.50091671238785
"1054" 42160000 4.86743989230558 7.62490060220449 -2.50255018962411
"1055" 42200000 4.85663666705517 7.62531245096167 -2.50351517236868
"1056" 42240000 4.84631460067491 7.62572390952576 -2.50443918363868
"1057" 42280000 4.84670033056521 7.62613497863539 -2.50440461846693
"1058" 42320000 4.83006567592891 7.62654565902713 -2.50589775074443
"1059" 42360000 4.80811290179104 7.62695595143545 -2.50787612976713
"1060" 42400000 4.7652462217254 7.62736585659273 -2.51176544109294
"1061" 42440000 4.74887914251106 7.6277753752293 -2.51325966971144
"1062" 42480000 4.72734167848261 7.62818450807341 -2.51523379379826
"1063" 42520000 4.70309779745689 7.62859325585126 -2.51746677710131
"1064" 42560000 4.67420136023936 7.62900161928699 -2.52014336931454
"1065" 42600000 4.65800592656553 7.62940959910272 -2.52165075000627
"1066" 42640000 4.63959870685653 7.62981719601852 -2.52337036805983
"1067" 42680000 4.63584154896352 7.63022441075243 -2.52372220322556
"1068" 42720000 4.60925632156734 7.6306312440205 -2.52621992678558
"1069" 42760000 4.60749961372327 7.63103769653674 -2.52638547929399
"1070" 42800000 4.62061478968486 7.63144376901317 -2.52515102290663
"1071" 42840000 4.62954042072924 7.63184946215982 -2.52431290648049
"1072" 42880000 4.61075347457274 7.63225477668471 -2.5260788845722
"1073" 42920000 4.61675584666226 7.63265971329391 -2.5255138789236
"1074" 42960000 4.60444431411367 7.6330642726915 -2.5266735617704
"1075" 43000000 4.61529306825199 7.63346845557959 -2.52565150310714
"1076" 43040000 4.60260995407923 7.63387226265833 -2.52684661439464
"1077" 43080000 4.58555256746191 7.63427569462594 -2.52845911033744
"1078" 43120000 4.55733883462487 7.63467875217868 -2.53113946753298
"1079" 43160000 4.53995608998878 7.63508143601087 -2.53279913435169
"1080" 43200000 4.50250823244426 7.63548374681491 -2.53639627121342
"1081" 43240000 4.44065240647788 7.63588568528127 -2.54240400681416
"1082" 43280000 4.4089085407148 7.63628725209851 -2.54551969694765
"1083" 43320000 4.37286056074179 7.63668844795328 -2.54908515774194
"1084" 43360000 4.34253269055726 7.63708927353033 -2.55210769027794
"1085" 43400000 4.33107380963383 7.63748972951251 -2.55325520178864
"1086" 43440000 4.3067522771793 7.63788981658079 -2.55570089475461
"1087" 43480000 4.28603424432705 7.63828953541426 -2.55779515015288
"1088" 43520000 4.25828891113119 7.63868888669012 -2.56061566319737
"1089" 43560000 4.25838165426064 7.63908787108374 -2.56060620461163
"1090" 43600000 4.25540249957756 7.63948648926859 -2.56091014243036
"1091" 43640000 4.25598161098107 7.6398847419163 -2.56085104396081
"1092" 43680000 4.24582505000165 7.64028262969668 -2.56188869176033
"1093" 43720000 4.25980605047126 7.64068015327766 -2.56046096070729
"1094" 43760000 4.26710276559654 7.64107731332537 -2.55971768457832
"1095" 43800000 4.26877799064972 7.6414741105041 -2.55954721804378
"1096" 43840000 4.28315313703016 7.64187054547631 -2.55808718462296
"1097" 43880000 4.28230442215448 7.64226661890267 -2.55817324942122
"1098" 43920000 4.28306582076541 7.64266233144204 -2.55809603823087
"1099" 43960000 4.28232438053225 7.64305768375145 -2.55817122532571
"1100" 44000000 4.28617245220135 7.64345267648619 -2.55778114607685
"1101" 44040000 4.27848730532976 7.64384731029971 -2.55856053904031
"1102" 44080000 4.27108545630411 7.64424158584373 -2.55931252585427
"1103" 44120000 4.27861785362214 7.64463550376815 -2.55854728773582
"1104" 44160000 4.27320897016781 7.64502906472114 -2.55909665539704
"1105" 44200000 4.28211853877113 7.64542226934909 -2.55819210139246
"1106" 44240000 4.28149701265213 7.64581511829664 -2.55825514143967
"1107" 44280000 4.28144968665789 7.64620761220668 -2.55825994198763
"1108" 44320000 4.28758648352463 7.64659975172037 -2.55763789362221
"1109" 44360000 4.27817179683353 7.64699153747712 -2.55859256639989
"1110" 44400000 4.26629669425994 7.64738297011462 -2.55979973214593
"1111" 44440000 4.25551493094651 7.64777405026883 -2.56089866815076
"1112" 44480000 4.24649244869194 7.648164778574 -2.5618204306363
"1113" 44520000 4.22817575553352 7.64855515566267 -2.56369775514283
"1114" 44560000 4.21762623193895 7.64894518216567 -2.56478269705205
"1115" 44600000 4.19052193148731 7.64933485871214 -2.56758266885722
"1116" 44640000 4.17769650916818 7.64972418592952 -2.56891389952287
"1117" 44680000 4.17734476880407 7.65011316444357 -2.56895046640368
"1118" 44720000 4.14619702341165 7.65050179487837 -2.57220085125885
"1119" 44760000 4.1224694525762 7.65089007785631 -2.57469334056111
"1120" 44800000 4.09728878159459 7.65127801399814 -2.57735421217219
"1121" 44840000 4.07590747587887 7.65166560392294 -2.57962646992265
"1122" 44880000 4.01425228436847 7.6520528482481 -2.58624612358999
"1123" 44920000 3.97810433055253 7.65243974758942 -2.59017461794444
"1124" 44960000 3.96163820564589 7.652826302561 -2.59197597545826
"1125" 45000000 3.94319303778014 7.65321251377534 -2.59400274843138
"1126" 45040000 3.93031431843979 7.65359838184329 -2.59542350324335
"1127" 45080000 3.92804453976586 7.65398390737407 -2.59567438320402
"1128" 45120000 3.91791445894011 7.65436909097529 -2.59679583710129
"1129" 45160000 3.91519065834029 7.65475393325293 -2.59709787099469
"1130" 45200000 3.92651557893816 7.65513843481138 -2.59584346186631
"1131" 45240000 3.9173874382709 7.65552259625342 -2.59685426041971
"1132" 45280000 3.90995122057636 7.65590641818021 -2.59767944747839
"1133" 45320000 3.91963821996924 7.65628990119136 -2.59660480300026
"1134" 45360000 3.94353285286074 7.65667304588485 -2.59396532356927
"1135" 45400000 3.94988695418431 7.6570558528571 -2.59326612048472
"1136" 45440000 3.9353398240829 7.65743832270296 -2.594868546306
"1137" 45480000 3.9407867999394 7.6578204560157 -2.59426784699082
"1138" 45520000 3.97190730027154 7.65820225338701 -2.5908516827653
"1139" 45560000 3.99033244843841 7.65858371540706 -2.58884170700146
"1140" 45600000 3.99288950829094 7.65896484266444 -2.58856349426283
"1141" 45640000 3.99843993106748 7.65934563574618 -2.5879602108192
"1142" 45680000 4.01734415182159 7.65972609523779 -2.58591174896082
"1143" 45720000 4.02337948045786 7.66010622172324 -2.58525979012346
"1144" 45760000 4.02550341033796 7.66048601578497 -2.58503058786998
"1145" 45800000 4.03409200856056 7.66086547800387 -2.58410498750584
"1146" 45840000 4.07244190512131 7.66124460895933 -2.57999588912083
"1147" 45880000 4.07877945559377 7.66162340922923 -2.57932056363726
"1148" 45920000 4.08494730031914 7.66200187938992 -2.57866432868006
"1149" 45960000 4.0953974981877 7.66238002001625 -2.57755472612668
"1150" 46000000 4.12916125613048 7.66275783168157 -2.5739889430675
"1151" 46040000 4.1230109742808 7.66313531495775 -2.57463629600426
"1152" 46080000 4.11034713570951 7.66351247041516 -2.57597228539642
"1153" 46120000 4.13795578697202 7.66388929862266 -2.57306494074933
"1154" 46160000 4.168377242525 7.66426580014767 -2.56988377059783
"1155" 46200000 4.14599847358418 7.66464197555613 -2.57222164890997
"1156" 46240000 4.15192764959542 7.66501782541247 -2.571601009771
"1157" 46280000 4.16929312258924 7.66539335027971 -2.5697883574567
"1158" 46320000 4.19558081544813 7.66576855071938 -2.56705869586963
"1159" 46360000 4.20616298856178 7.66614342729156 -2.56596468921405
"1160" 46400000 4.22222592853566 7.66651798055488 -2.56430931836954
"1161" 46440000 4.24509443561392 7.66689221106654 -2.56196343085032
"1162" 46480000 4.27542903348854 7.66726611938227 -2.5588710846638
"1163" 46520000 4.28344182427467 7.66763970605641 -2.55805791388519
"1164" 46560000 4.30276237874315 7.66801297164183 -2.5561034240649
"1165" 46600000 4.31839508136541 7.66838591669 -2.5545284142223
"1166" 46640000 4.34986652050152 7.66875854175096 -2.55137485632625
"1167" 46680000 4.35582034672003 7.66913084737333 -2.55078082754588
"1168" 46720000 4.3781826986019 7.66950283410434 -2.54855690635041
"1169" 46760000 4.40037693699269 7.6698745024898 -2.5463609069609
"1170" 46800000 4.41289672088498 7.67024585307412 -2.54512702340581
"1171" 46840000 4.40720243468872 7.67061688640033 -2.54568778749097
"1172" 46880000 4.41304769359076 7.67098760301003 -2.54511216570674
"1173" 46920000 4.40689402528313 7.67135800344349 -2.5457181798298
"1174" 46960000 4.4105022571925 7.67172808823956 -2.54536273809963
"1175" 47000000 4.39731889222329 7.67209785793572 -2.54666282511039
"1176" 47040000 4.38308836159461 7.67246731306808 -2.54807056080173
"1177" 47080000 4.37121646253446 7.6728364541714 -2.54924847350086
"1178" 47120000 4.35207255900395 7.67320528177904 -2.55115465934251
"1179" 47160000 4.32657702923107 7.67357379642305 -2.55370634659159
"1180" 47200000 4.28214648534982 7.67394199863409 -2.55818926704652
"1181" 47240000 4.23859062611891 7.67430988894148 -2.56262931344917
"1182" 47280000 4.20892343180334 7.6746774678732 -2.56567976158514
"1183" 47320000 4.15511199764579 7.67504473595589 -2.57126805244488
"1184" 47360000 4.11739579556291 7.67541169371486 -2.57522817006525
"1185" 47400000 4.05393949603019 7.67577834167408 -2.58197352409975
"1186" 47440000 4.00931650479354 7.67614468035621 -2.58678044495247
"1187" 47480000 3.97012542874284 7.67651071028255 -2.59104655906756
"1188" 47520000 3.93255455535476 7.67687643197314 -2.59517603057853
"1189" 47560000 3.86196235776168 7.67724184594665 -2.60304275034495
"1190" 47600000 3.79442105580806 7.67760695272049 -2.61070526516004
"1191" 47640000 3.75843073787603 7.67797175281074 -2.61484423550186
"1192" 47680000 3.69197857719669 7.67833624673218 -2.62259161441939
"1193" 47720000 3.62043830227561 7.6787004349983 -2.63108963592813
"1194" 47760000 3.54350369453774 7.67906431812131 -2.64041789687226
"1195" 47800000 3.48450254461355 7.67942789661212 -2.64771000076886
"1196" 47840000 3.38759627795143 7.67979117098035 -2.65995913975228
"1197" 47880000 3.32800467605832 7.68015414173437 -2.66766685894487
"1198" 47920000 3.28326584675442 7.68051680938126 -2.67354473770301
"1199" 47960000 3.23657444324861 7.68087917442681 -2.6797651862602
"1200" 48000000 3.15735547462161 7.68124123737559 -2.69052730656964
"1201" 48040000 3.1053642981224 7.68160299873087 -2.69773823109246
"1202" 48080000 3.05051125074694 7.68196445899468 -2.70547815570026
"1203" 48120000 2.99357376329735 7.68232561866781 -2.71366082290788
"1204" 48160000 2.93312827423525 7.68268647824977 -2.72251973041794
"1205" 48200000 2.88031600152906 7.68304703823885 -2.73041064964396
"1206" 48240000 2.84149950702231 7.68340729913209 -2.73630320174126
"1207" 48280000 2.7983467901488 7.68376726142531 -2.74294925256117
"1208" 48320000 2.74845138645206 7.68412692561308 -2.75076272703895
"1209" 48360000 2.72669796145544 7.68448629218873 -2.75421375332147
"1210" 48400000 2.65014290801651 7.68484536164441 -2.76658149303117
"1211" 48440000 2.62534267633136 7.68520413447101 -2.77066478847082
"1212" 48480000 2.59308448605383 7.68556261115823 -2.77603411989832
"1213" 48520000 2.57924246227407 7.68592079219454 -2.77835861676687
"1214" 48560000 2.56928440728801 7.6862786780672 -2.7800386055611
"1215" 48600000 2.56370977078066 7.68663626926229 -2.78098192820734
"1216" 48640000 2.53143641243904 7.68699356626468 -2.78648376402887
"1217" 48680000 2.50960500847488 7.68735056955803 -2.79024541435359
"1218" 48720000 2.50292075802822 7.68770727962482 -2.79140368662613
"1219" 48760000 2.49475943944204 7.68806369694634 -2.79282211223068
"1220" 48800000 2.46933003827649 7.68841982200271 -2.7972716473403
"1221" 48840000 2.43004352455151 7.68877565527284 -2.80423673445143
"1222" 48880000 2.41508874501694 7.6891311972345 -2.80691769277975
"1223" 48920000 2.3894858687681 7.68948644836425 -2.81154632029444
"1224" 48960000 2.36566923164902 7.6898414091375 -2.81589676538108
"1225" 49000000 2.35496650231335 7.69019608002851 -2.81786605278982
"1226" 49040000 2.34753060914054 7.69055046151036 -2.81923952309209
"1227" 49080000 2.34011726366072 7.69090455405497 -2.82061316625207
"1228" 49120000 2.31479363743118 7.69125835813311 -2.82533850680786
"1229" 49160000 2.30681449336677 7.69161187421442 -2.82683811542135
"1230" 49200000 NA 7.69196510276736 NA
"1231" 49240000 NA 7.69231804425928 NA
"1232" 49280000 NA 7.69267069915637 NA
"1233" 49320000 NA 7.69302306792369 NA
"1234" 49360000 NA 7.69337515102518 NA
"1235" 49400000 NA 7.69372694892365 NA
"1236" 49440000 NA 7.69407846208076 NA
"1237" 49480000 NA 7.69442969095708 NA
"1238" 49520000 NA 7.69478063601206 NA
"1239" 49560000 NA 7.69513129770403 NA
"1240" 49600000 NA 7.6954816764902 NA
"1241" 49640000 NA 7.69583177282669 NA
"1242" 49680000 NA 7.69618158716852 NA
"1243" 49720000 NA 7.69653111996961 NA
"1244" 49760000 NA 7.69688037168276 NA
"1245" 49800000 NA 7.69722934275972 NA
"1246" 49840000 NA 7.69757803365111 NA
"1247" 49880000 NA 7.69792644480651 NA
"1248" 49920000 NA 7.69827457667437 NA
"1249" 49960000 NA 7.6986224297021 NA
"1250" 50000000 NA 7.69897000433602 NA
"1251" 50040000 NA 7.69931730102138 NA
"1252" 50080000 NA 7.69966432020237 NA
"1253" 50120000 NA 7.70001106232211 NA
"1254" 50160000 NA 7.70035752782266 NA
"1255" 50200000 NA 7.70070371714502 NA
"1256" 50240000 NA 7.70104963072914 NA
"1257" 50280000 NA 7.70139526901392 NA
"1258" 50320000 NA 7.70174063243721 NA
"1259" 50360000 NA 7.70208572143583 NA
"1260" 50400000 NA 7.70243053644553 NA
"1261" 50440000 NA 7.70277507790104 NA
"1262" 50480000 NA 7.70311934623608 NA
"1263" 50520000 NA 7.70346334188329 NA
"1264" 50560000 NA 7.70380706527433 NA
"1265" 50600000 NA 7.7041505168398 NA
"1266" 50640000 NA 7.7044936970093 NA
"1267" 50680000 NA 7.7048366062114 NA
"1268" 50720000 NA 7.70517924487368 NA
"1269" 50760000 NA 7.70552161342267 NA
"1270" 50800000 NA 7.70586371228392 NA
"1271" 50840000 NA 7.70620554188197 NA
"1272" 50880000 NA 7.70654710264036 NA
"1273" 50920000 NA 7.70688839498162 NA
"1274" 50960000 NA 7.70722941932729 NA
"1275" 51000000 NA 7.70757017609794 NA
"1276" 51040000 NA 7.70791066571311 NA
"1277" 51080000 NA 7.70825088859138 NA
"1278" 51120000 NA 7.70859084515034 NA
"1279" 51160000 NA 7.70893053580662 NA
"1280" 51200000 NA 7.70926996097583 NA
"1281" 51240000 NA 7.70960912107265 NA
"1282" 51280000 NA 7.70994801651076 NA
"1283" 51320000 NA 7.71028664770289 NA
"1284" 51360000 NA 7.7106250150608 NA
"1285" 51400000 NA 7.71096311899528 NA
"1286" 51440000 NA 7.71130095991617 NA
"1287" 51480000 NA 7.71163853823235 NA
"1288" 51520000 NA 7.71197585435176 NA
"1289" 51560000 NA 7.71231290868137 NA
"1290" 51600000 NA 7.71264970162721 NA
"1291" 51640000 NA 7.71298623359438 NA
"1292" 51680000 NA 7.71332250498703 NA
"1293" 51720000 NA 7.71365851620836 NA
"1294" 51760000 NA 7.71399426766064 NA
"1295" 51800000 NA 7.71432975974523 NA
"1296" 51840000 NA 7.71466499286254 NA
"1297" 51880000 NA 7.71499996741204 NA
"1298" 51920000 NA 7.71533468379231 NA
"1299" 51960000 NA 7.71566914240099 NA
"1300" 52000000 NA 7.7160033436348 NA
"1301" 52040000 NA 7.71633728788955 NA
"1302" 52080000 NA 7.71667097556014 NA
"1303" 52120000 NA 7.71700440704055 NA
"1304" 52160000 NA 7.71733758272386 NA
"1305" 52200000 NA 7.71767050300226 NA
"1306" 52240000 NA 7.71800316826702 NA
"1307" 52280000 NA 7.71833557890851 NA
"1308" 52320000 NA 7.71866773531621 NA
"1309" 52360000 NA 7.71899963787872 NA
"1310" 52400000 NA 7.71933128698373 NA
"1311" 52440000 NA 7.71966268301805 NA
"1312" 52480000 NA 7.7199938263676 NA
"1313" 52520000 NA 7.72032471741744 NA
"1314" 52560000 NA 7.72065535655172 NA
"1315" 52600000 NA 7.72098574415374 NA
"1316" 52640000 NA 7.7213158806059 NA
"1317" 52680000 NA 7.72164576628975 NA
"1318" 52720000 NA 7.72197540158595 NA
"1319" 52760000 NA 7.72230478687433 NA
"1320" 52800000 NA 7.72263392253381 NA
"1321" 52840000 NA 7.72296280894249 NA
"1322" 52880000 NA 7.72329144647758 NA
"1323" 52920000 NA 7.72361983551546 NA
"1324" 52960000 NA 7.72394797643164 NA
"1325" 53000000 NA 7.72427586960079 NA
"1326" 53040000 NA 7.72460351539672 NA
"1327" 53080000 NA 7.7249309141924 NA
"1328" 53120000 NA 7.72525806635996 NA
"1329" 53160000 NA 7.72558497227069 NA
"1330" 53200000 NA 7.72591163229505 NA
"1331" 53240000 NA 7.72623804680264 NA
"1332" 53280000 NA 7.72656421616224 NA
"1333" 53320000 NA 7.72689014074182 NA
"1334" 53360000 NA 7.72721582090849 NA
"1335" 53400000 NA 7.72754125702856 NA
"1336" 53440000 NA 7.72786644946749 NA
"1337" 53480000 NA 7.72819139858995 NA
"1338" 53520000 NA 7.72851610475977 NA
"1339" 53560000 NA 7.72884056833997 NA
"1340" 53600000 NA 7.72916478969277 NA
"1341" 53640000 NA 7.72948876917956 NA
"1342" 53680000 NA 7.72981250716094 NA
"1343" 53720000 NA 7.73013600399668 NA
"1344" 53760000 NA 7.73045926004577 NA
"1345" 53800000 NA 7.73078227566639 NA
"1346" 53840000 NA 7.73110505121592 NA
"1347" 53880000 NA 7.73142758705095 NA
"1348" 53920000 NA 7.73174988352726 NA
"1349" 53960000 NA 7.73207194099987 NA
"1350" 54000000 NA 7.73239375982297 NA
"1351" 54040000 NA 7.73271534034999 NA
"1352" 54080000 NA 7.73303668293358 NA
"1353" 54120000 NA 7.73335778792559 NA
"1354" 54160000 NA 7.73367865567709 NA
"1355" 54200000 NA 7.73399928653839 NA
"1356" 54240000 NA 7.73431968085901 NA
"1357" 54280000 NA 7.7346398389877 NA
"1358" 54320000 NA 7.73495976127245 NA
"1359" 54360000 NA 7.73527944806046 NA
"1360" 54400000 NA 7.73559889969818 NA
"1361" 54440000 NA 7.7359181165313 NA
"1362" 54480000 NA 7.73623709890473 NA
"1363" 54520000 NA 7.73655584716264 NA
"1364" 54560000 NA 7.73687436164842 NA
"1365" 54600000 NA 7.73719264270474 NA
"1366" 54640000 NA 7.73751069067348 NA
"1367" 54680000 NA 7.73782850589578 NA
"1368" 54720000 NA 7.73814608871206 NA
"1369" 54760000 NA 7.73846343946195 NA
"1370" 54800000 NA 7.73878055848437 NA
"1371" 54840000 NA 7.73909744611747 NA
"1372" 54880000 NA 7.73941410269869 NA
"1373" 54920000 NA 7.73973052856472 NA
"1374" 54960000 NA 7.74004672405149 NA
"1375" 55000000 NA 7.74036268949424 NA
"1376" 55040000 NA 7.74067842522745 NA
"1377" 55080000 NA 7.74099393158489 NA
"1378" 55120000 NA 7.74130920889957 NA
"1379" 55160000 NA 7.74162425750381 NA
"1380" 55200000 NA 7.7419390777292 NA
"1381" 55240000 NA 7.74225366990659 NA
"1382" 55280000 NA 7.74256803436614 NA
"1383" 55320000 NA 7.74288217143727 NA
"1384" 55360000 NA 7.7431960814487 NA
"1385" 55400000 NA 7.74350976472843 NA
"1386" 55440000 NA 7.74382322160375 NA
"1387" 55480000 NA 7.74413645240125 NA
"1388" 55520000 NA 7.7444494574468 NA
"1389" 55560000 NA 7.74476223706558 NA
"1390" 55600000 NA 7.74507479158206 NA
"1391" 55640000 NA 7.74538712132001 NA
"1392" 55680000 NA 7.74569922660251 NA
"1393" 55720000 NA 7.74601110775193 NA
"1394" 55760000 NA 7.74632276508995 NA
"1395" 55800000 NA 7.74663419893758 NA
"1396" 55840000 NA 7.7469454096151 NA
"1397" 55880000 NA 7.74725639744214 NA
"1398" 55920000 NA 7.74756716273763 NA
"1399" 55960000 NA 7.74787770581979 NA
"1400" 56000000 NA 7.7481880270062 NA
"1401" 56040000 NA 7.74849812661374 NA
"1402" 56080000 NA 7.7488080049586 NA
"1403" 56120000 NA 7.74911766235632 NA
"1404" 56160000 NA 7.74942709912175 NA
"1405" 56200000 NA 7.74973631556906 NA
"1406" 56240000 NA 7.75004531201177 NA
"1407" 56280000 NA 7.75035408876271 NA
"1408" 56320000 NA 7.75066264613406 NA
"1409" 56360000 NA 7.75097098443732 NA
"1410" 56400000 NA 7.75127910398334 NA
"1411" 56440000 NA 7.75158700508231 NA
"1412" 56480000 NA 7.75189468804375 NA
"1413" 56520000 NA 7.75220215317652 NA
"1414" 56560000 NA 7.75250940078884 NA
"1415" 56600000 NA 7.75281643118827 NA
"1416" 56640000 NA 7.75312324468171 NA
"1417" 56680000 NA 7.75342984157542 NA
"1418" 56720000 NA 7.75373622217501 NA
"1419" 56760000 NA 7.75404238678544 NA
"1420" 56800000 NA 7.75434833571102 NA
"1421" 56840000 NA 7.75465406925543 NA
"1422" 56880000 NA 7.75495958772171 NA
"1423" 56920000 NA 7.75526489141225 NA
"1424" 56960000 NA 7.7555699806288 NA
"1425" 57000000 NA 7.75587485567249 NA
"1426" 57040000 NA 7.75617951684381 NA
"1427" 57080000 NA 7.75648396444261 NA
"1428" 57120000 NA 7.75678819876812 NA
"1429" 57160000 NA 7.75709222011893 NA
"1430" 57200000 NA 7.75739602879302 NA
"1431" 57240000 NA 7.75769962508774 NA
"1432" 57280000 NA 7.7580030092998 NA
"1433" 57320000 NA 7.75830618172531 NA
"1434" 57360000 NA 7.75860914265974 NA
"1435" 57400000 NA 7.75891189239797 NA
"1436" 57440000 NA 7.75921443123424 NA
"1437" 57480000 NA 7.75951675946219 NA
"1438" 57520000 NA 7.75981887737483 NA
"1439" 57560000 NA 7.76012078526457 NA
"1440" 57600000 NA 7.76042248342321 NA
"1441" 57640000 NA 7.76072397214195 NA
"1442" 57680000 NA 7.76102525171137 NA
"1443" 57720000 NA 7.76132632242146 NA
"1444" 57760000 NA 7.76162718456158 NA
"1445" 57800000 NA 7.76192783842053 NA
"1446" 57840000 NA 7.76222828428647 NA
"1447" 57880000 NA 7.762528522447 NA
"1448" 57920000 NA 7.76282855318909 NA
"1449" 57960000 NA 7.76312837679914 NA
"1450" 58000000 NA 7.76342799356294 NA
"1451" 58040000 NA 7.7637274037657 NA
"1452" 58080000 NA 7.76402660769204 NA
"1453" 58120000 NA 7.76432560562598 NA
"1454" 58160000 NA 7.76462439785098 NA
"1455" 58200000 NA 7.76492298464989 NA
"1456" 58240000 NA 7.76522136630498 NA
"1457" 58280000 NA 7.76551954309795 NA
"1458" 58320000 NA 7.76581751530992 NA
"1459" 58360000 NA 7.76611528322141 NA
"1460" 58400000 NA 7.7664128471124 NA
"1461" 58440000 NA 7.76671020726226 NA
"1462" 58480000 NA 7.7670073639498 NA
"1463" 58520000 NA 7.76730431745327 NA
"1464" 58560000 NA 7.76760106805034 NA
"1465" 58600000 NA 7.76789761601809 NA
"1466" 58640000 NA 7.76819396163307 NA
"1467" 58680000 NA 7.76849010517124 NA
"1468" 58720000 NA 7.76878604690801 NA
"1469" 58760000 NA 7.76908178711822 NA
"1470" 58800000 NA 7.76937732607614 NA
"1471" 58840000 NA 7.76967266405549 NA
"1472" 58880000 NA 7.76996780132944 NA
"1473" 58920000 NA 7.77026273817059 NA
"1474" 58960000 NA 7.770557474851 NA
"1475" 59000000 NA 7.77085201164214 NA
"1476" 59040000 NA 7.77114634881498 NA
"1477" 59080000 NA 7.77144048663991 NA
"1478" 59120000 NA 7.77173442538677 NA
"1479" 59160000 NA 7.77202816532485 NA
"1480" 59200000 NA 7.77232170672292 NA
"1481" 59240000 NA 7.77261504984917 NA
"1482" 59280000 NA 7.77290819497127 NA
"1483" 59320000 NA 7.77320114235634 NA
"1484" 59360000 NA 7.77349389227097 NA
"1485" 59400000 NA 7.77378644498119 NA
"1486" 59440000 NA 7.77407880075252 NA
"1487" 59480000 NA 7.77437095984992 NA
"1488" 59520000 NA 7.77466292253782 NA
"1489" 59560000 NA 7.77495468908014 NA
"1490" 59600000 NA 7.77524625974024 NA
"1491" 59640000 NA 7.77553763478096 NA
"1492" 59680000 NA 7.77582881446461 NA
"1493" 59720000 NA 7.77611979905299 NA
"1494" 59760000 NA 7.77641058880734 NA
"1495" 59800000 NA 7.77670118398841 NA
"1496" 59840000 NA 7.7769915848564 NA
"1497" 59880000 NA 7.77728179167101 NA
"1498" 59920000 NA 7.77757180469141 NA
"1499" 59960000 NA 7.77786162417624 NA
"1500" 60000000 NA 7.77815125038364 NA
"1501" 60040000 NA 7.77844068357123 NA
"1502" 60080000 NA 7.77872992399611 NA
"1503" 60120000 NA 7.77901897191487 NA
"1504" 60160000 NA 7.77930782758359 NA
"1505" 60200000 NA 7.77959649125782 NA
"1506" 60240000 NA 7.77988496319264 NA
"1507" 60280000 NA 7.78017324364259 NA
"1508" 60320000 NA 7.78046133286172 NA
"1509" 60360000 NA 7.78074923110355 NA
"1510" 60400000 NA 7.78103693862113 NA
"1511" 60440000 NA 7.78132445566699 NA
"1512" 60480000 NA 7.78161178249315 NA
"1513" 60520000 NA 7.78189891935115 NA
"1514" 60560000 NA 7.78218586649202 NA
"1515" 60600000 NA 7.78247262416629 NA
"1516" 60640000 NA 7.782759192624 NA
"1517" 60680000 NA 7.78304557211469 NA
"1518" 60720000 NA 7.78333176288742 NA
"1519" 60760000 NA 7.78361776519075 NA
"1520" 60800000 NA 7.78390357927274 NA
"1521" 60840000 NA 7.78418920538096 NA
"1522" 60880000 NA 7.78447464376252 NA
"1523" 60920000 NA 7.78475989466401 NA
"1524" 60960000 NA 7.78504495833154 NA
"1525" 61000000 NA 7.78532983501077 NA
"1526" 61040000 NA 7.78561452494682 NA
"1527" 61080000 NA 7.78589902838438 NA
"1528" 61120000 NA 7.78618334556763 NA
"1529" 61160000 NA 7.78646747674028 NA
"1530" 61200000 NA 7.78675142214556 NA
"1531" 61240000 NA 7.78703518202622 NA
"1532" 61280000 NA 7.78731875662455 NA
"1533" 61320000 NA 7.78760214618234 NA
"1534" 61360000 NA 7.78788535094092 NA
"1535" 61400000 NA 7.78816837114117 NA
"1536" 61440000 NA 7.78845120702346 NA
"1537" 61480000 NA 7.78873385882771 NA
"1538" 61520000 NA 7.78901632679337 NA
"1539" 61560000 NA 7.78929861115944 NA
"1540" 61600000 NA 7.78958071216443 NA
"1541" 61640000 NA 7.78986263004638 NA
"1542" 61680000 NA 7.7901443650429 NA
"1543" 61720000 NA 7.79042591739111 NA
"1544" 61760000 NA 7.79070728732768 NA
"1545" 61800000 NA 7.79098847508882 NA
"1546" 61840000 NA 7.79126948091027 NA
"1547" 61880000 NA 7.79155030502733 NA
"1548" 61920000 NA 7.79183094767484 NA
"1549" 61960000 NA 7.79211140908717 NA
"1550" 62000000 NA 7.79239168949825 NA
"1551" 62040000 NA 7.79267178914157 NA
"1552" 62080000 NA 7.79295170825013 NA
"1553" 62120000 NA 7.79323144705652 NA
"1554" 62160000 NA 7.79351100579286 NA
"1555" 62200000 NA 7.79379038469082 NA
"1556" 62240000 NA 7.79406958398163 NA
"1557" 62280000 NA 7.79434860389608 NA
"1558" 62320000 NA 7.79462744466451 NA
"1559" 62360000 NA 7.7949061065168 NA
"1560" 62400000 NA 7.79518458968242 NA
"1561" 62440000 NA 7.79546289439038 NA
"1562" 62480000 NA 7.79574102086924 NA
"1563" 62520000 NA 7.79601896934715 NA
"1564" 62560000 NA 7.79629674005179 NA
"1565" 62600000 NA 7.79657433321043 NA
"1566" 62640000 NA 7.79685174904989 NA
"1567" 62680000 NA 7.79712898779655 NA
"1568" 62720000 NA 7.79740604967638 NA
"1569" 62760000 NA 7.7976829349149 NA
"1570" 62800000 NA 7.7979596437372 NA
"1571" 62840000 NA 7.79823617636794 NA
