"realInteractionDistance" "loessExpectedValue" "loggendist" "loginteraction"
"1" 40000 2359.68306304753 4.60205999132796 0
"2" 80000 1541.31059710772 4.90308998699194 -0.184963510974841
"3" 120000 785.58684402706 5.07918124604763 -0.47765947348926
"4" 160000 593.338822761835 5.20411998265593 -0.599550909741318
"5" 200000 481.557383560271 5.30102999566398 -0.690205629196457
"6" 240000 418.5734218881 5.38021124171161 -0.751082026809769
"7" 280000 367.309292415437 5.44715803134222 -0.807821759805476
"8" 320000 329.822718680483 5.50514997831991 -0.854573108147444
"9" 360000 301.333654574237 5.55630250076729 -0.893806036595958
"10" 400000 273.388817368822 5.60205999132796 -0.936072929020649
"11" 440000 250.258998466624 5.64345267648619 -0.974463973145658
"12" 480000 231.705502816734 5.68124123737559 -1.00791732728531
"13" 520000 218.627263024698 5.7160033436348 -1.03314935741775
"14" 560000 205.524357476835 5.7481880270062 -1.05999037617694
"15" 600000 191.846759512762 5.77815125038364 -1.08989920741754
"16" 640000 180.172961238026 5.80617997398389 -1.11716405887321
"17" 680000 170.355858241247 5.83250891270624 -1.14149660254605
"18" 720000 161.585434012273 5.85733249643127 -1.16445146625793
"19" 760000 151.785584443871 5.88081359228079 -1.19162314813753
"20" 800000 143.01740678938 5.90308998699194 -1.21746477624654
"21" 840000 135.516787331156 5.92427928606188 -1.24086057795959
"22" 880000 127.727561770014 5.94448267215017 -1.26656905346122
"23" 920000 121.93935054786 5.96378782734556 -1.28670979770914
"24" 960000 116.005163719577 5.98227123303957 -1.3083763539985
"25" 1000000 110.357843692416 6 -1.33005046922841
"26" 1040000 105.457838530426 6.01703333929878 -1.34977480957411
"27" 1080000 102.135267088284 6.03342375548695 -1.36367794640256
"28" 1120000 97.6469193500233 6.04921802267018 -1.38319512899774
"29" 1160000 92.8294990450131 6.06445798922692 -1.40516766855086
"30" 1200000 87.5854361586124 6.07918124604763 -1.43042177832226
"31" 1240000 84.3856097156535 6.09342168516223 -1.44658528266838
"32" 1280000 81.6533444136332 6.10720996964787 -1.46087969776956
"33" 1320000 78.3134486204258 6.12057393120585 -1.47901732630503
"34" 1360000 75.0618198147066 6.13353890837022 -1.49743458600515
"35" 1400000 73.6781342247153 6.14612803567824 -1.50551505578949
"36" 1440000 72.9973224774657 6.15836249209525 -1.50954674473198
"37" 1480000 69.986613215062 6.17026171539496 -1.52783869764921
"38" 1520000 66.6527366438623 6.18184358794477 -1.54903568985579
"39" 1560000 64.269113312901 6.19312459835446 -1.56485136711798
"40" 1600000 62.3027564605546 6.20411998265593 -1.57834641376463
"41" 1640000 60.7294323102792 6.2148438480477 -1.58945445391636
"42" 1680000 59.5675749970445 6.22530928172586 -1.59784375505805
"43" 1720000 59.1021757599882 6.23552844690755 -1.60125020624708
"44" 1760000 57.3307961542352 6.24551266781415 -1.61446570246239
"45" 1800000 55.9333643932083 6.25527250510331 -1.62518273240012
"46" 1840000 54.8696318996479 6.26481782300954 -1.633521628655
"47" 1880000 53.2167287740024 6.27415784926368 -1.64680550033192
"48" 1920000 52.5711809417028 6.28330122870355 -1.65210594236126
"49" 1960000 51.866006355804 6.29225607135648 -1.65797086641104
"50" 2000000 51.5244677584524 6.30102999566398 -1.66084016107282
"51" 2040000 50.3250711672238 6.3096301674259 -1.67106927761866
"52" 2080000 49.1448117832942 6.31806333496276 -1.6813759992084
"53" 2120000 47.4822833627702 6.32633586092875 -1.69632207988213
"54" 2160000 46.7501677684551 6.33445375115093 -1.70307050160957
"55" 2200000 45.3523916301445 6.34242268082221 -1.71625348108834
"56" 2240000 44.9397888792518 6.35024801833416 -1.72022264750345
"57" 2280000 44.291490414432 6.35793484700045 -1.7265333807409
"58" 2320000 43.5164752382222 6.3654879848909 -1.73419996435017
"59" 2360000 42.2805583746991 6.37291200297011 -1.7467129611901
"60" 2400000 41.0134166787688 6.38021124171161 -1.75992772504719
"61" 2440000 40.0783099172233 6.38738982633873 -1.76994427607864
"62" 2480000 39.0688067530341 6.39445168082622 -1.7810235282153
"63" 2520000 38.4236983575163 6.40140054078154 -1.78825451109088
"64" 2560000 38.4833811492285 6.40823996531185 -1.78758045318946
"65" 2600000 37.8819838716876 6.41497334797082 -1.79442096049823
"66" 2640000 37.1080434382311 6.42160392686983 -1.80338561903189
"67" 2680000 36.5638059879202 6.42813479402879 -1.80980227948139
"68" 2720000 35.9200870319946 6.4345689040342 -1.8175162950742
"69" 2760000 35.6715231559666 6.44090908206522 -1.82053202144891
"70" 2800000 34.424866596847 6.44715803134222 -1.83598140938215
"71" 2840000 33.9097834446337 6.45331834004704 -1.84252865905107
"72" 2880000 33.8743916320954 6.45939248775923 -1.84298217110663
"73" 2920000 33.7913908575095 6.46538285144842 -1.84404760758424
"74" 2960000 33.7385278604715 6.47129171105894 -1.84472754658123
"75" 3000000 33.3580251770104 6.47712125471966 -1.84965334320737
"76" 3040000 32.9559887599162 6.48287358360875 -1.85491932927384
"77" 3080000 32.8142208631288 6.48855071650044 -1.85679157845756
"78" 3120000 32.4996770853621 6.49415459401844 -1.86097462945842
"79" 3160000 31.5208672080925 6.4996870826184 -1.87425551796328
"80" 3200000 30.9555030268064 6.50514997831991 -1.88211580964759
"81" 3240000 30.7850734446732 6.51054501020661 -1.88451348130225
"82" 3280000 30.7212859729189 6.51587384371168 -1.88541428431487
"83" 3320000 30.5330666885544 6.52113808370404 -1.88808324905949
"84" 3360000 29.944353604672 6.52633927738984 -1.89653873273628
"85" 3400000 29.302685800419 6.53147891704226 -1.90594624696827
"86" 3440000 28.8706390099658 6.53655844257153 -1.91239727886829
"87" 3480000 28.525584312462 6.54157924394658 -1.91761912615337
"88" 3520000 28.3560802691521 6.54654266347813 -1.92020747827397
"89" 3560000 28.0828771302915 6.55144999797287 -1.92441207551939
"90" 3600000 27.8962188810979 6.55630250076729 -1.92730833336709
"91" 3640000 27.2911625071966 6.56110138364906 -1.93683163986157
"92" 3680000 26.6792640877825 6.56584781867352 -1.94667982936675
"93" 3720000 26.0504254094085 6.5705429398819 -1.95703885551581
"94" 3760000 26.010876759492 6.57518784492766 -1.95769868394936
"95" 3800000 25.536914408528 6.57978359661681 -1.96568525446593
"96" 3840000 25.2312756097279 6.58433122436753 -1.97091446777431
"97" 3880000 24.8519800278855 6.58883172559421 -1.97749267941395
"98" 3920000 24.4817894424281 6.59328606702046 -1.9840105169061
"99" 3960000 24.1466316638171 6.59769518592551 -1.98999711796607
"100" 4000000 23.918927321541 6.60205999132796 -1.99411197614079
"101" 4040000 23.677593069183 6.6063813651106 -1.99851612297503
"102" 4080000 23.4953178823447 6.61066016308988 -2.0018723501065
"103" 4120000 23.2294597650374 6.61489721603313 -2.00681456557137
"104" 4160000 22.7426984667508 6.61909333062674 -2.01601168201788
"105" 4200000 22.3832330711887 6.6232492903979 -2.0229308584014
"106" 4240000 22.0350327293872 6.62736585659273 -2.02973997541868
"107" 4280000 21.8920739835516 6.63144376901317 -2.03256676818052
"108" 4320000 21.811059726868 6.63548374681491 -2.03417690832141
"109" 4360000 21.4289342654436 6.63948648926859 -2.04185310271597
"110" 4400000 20.8668284785712 6.64345267648619 -2.05339722909542
"111" 4440000 20.1210219850434 6.64738297011462 -2.06920363974923
"112" 4480000 19.5541885963391 6.65127801399814 -2.08161387578289
"113" 4520000 19.1356276226371 6.65513843481138 -2.09101096427334
"114" 4560000 18.8511924160972 6.65896484266444 -2.09751484899984
"115" 4600000 18.6940459829348 6.66275783168157 -2.10115036872074
"116" 4640000 18.7591593859224 6.66651798055488 -2.09964030196799
"117" 4680000 18.9050134950004 6.67024585307412 -2.09627668362565
"118" 4720000 19.3567101303573 6.67394199863409 -2.08602212885495
"119" 4760000 19.239290759728 6.67760695272049 -2.08866461724145
"120" 4800000 19.0280338221267 6.68124123737559 -2.09345976063519
"121" 4840000 18.8284808858716 6.68484536164441 -2.09803839353103
"122" 4880000 18.651906764616 6.68841982200271 -2.10213043945976
"123" 4920000 18.7458353425386 6.69196510276736 -2.09994887733527
"124" 4960000 18.9685010577505 6.6954816764902 -2.09482066221736
"125" 5000000 18.734743529835 6.69897000433602 -2.10020592316205
"126" 5040000 18.6188171476533 6.70243053644553 -2.10290158851845
"127" 5080000 18.2226418804976 6.70586371228392 -2.11224233503055
"128" 5120000 17.6022467693139 6.70926996097583 -2.12728557018026
"129" 5160000 17.2017224413103 6.71264970162721 -2.13728173951699
"130" 5200000 16.8698778902734 6.7160033436348 -2.14574173630338
"131" 5240000 16.7000320105504 6.71933128698373 -2.15013637173534
"132" 5280000 17.0307113634286 6.72263392253381 -2.14162088675489
"133" 5320000 17.1823882319853 6.72591163229505 -2.13777014774639
"134" 5360000 17.111197118572 6.72916478969277 -2.13957328100373
"135" 5400000 17.0170611220569 6.73239375982297 -2.14196911657371
"136" 5440000 17.085265336869 6.73559889969818 -2.14023194748849
"137" 5480000 17.2597538646153 6.73878055848437 -2.13581907723769
"138" 5520000 17.2287155838457 6.7419390777292 -2.13660077372471
"139" 5560000 17.0337255140099 6.74507479158206 -2.14154403070861
"140" 5600000 16.8667075949858 6.7481880270062 -2.14582335936829
"141" 5640000 16.7446981134999 6.75127910398334 -2.1489763531913
"142" 5680000 16.8011665782653 6.75434833571102 -2.1475142376049
"143" 5720000 16.731716355051 6.75739602879302 -2.14931318175743
"144" 5760000 16.4552358029345 6.76042248342321 -2.15654956523832
"145" 5800000 16.2987496065994 6.76342799356294 -2.16069938748473
"146" 5840000 16.253030689587 6.7664128471124 -2.16191931992788
"147" 5880000 16.3754328571433 6.76937732607614 -2.15866088667468
"148" 5920000 16.4154661541495 6.77232170672292 -2.15760045532668
"149" 5960000 16.2308231576494 6.77524625974024 -2.16251312940166
"150" 6000000 16.1156159580208 6.77815125038364 -2.16560676592001
"151" 6040000 15.954661593901 6.78103693862113 -2.1699660783066
"152" 6080000 15.7957630796484 6.78390357927274 -2.1743130641989
"153" 6120000 15.7468882837408 6.78675142214556 -2.17565892893991
"154" 6160000 15.7410618230617 6.78958071216443 -2.17581965072347
"155" 6200000 15.6781588530366 6.79239168949825 -2.17755861487909
"156" 6240000 15.5970118720166 6.79518458968242 -2.17981227261115
"157" 6280000 15.4641644237113 6.7979596437372 -2.1835272166288
"158" 6320000 15.3476951917489 6.80071707828238 -2.18681050989961
"159" 6360000 15.1193266861647 6.80345711564841 -2.19332122431747
"160" 6400000 15.0066356222678 6.80617997398389 -2.19657033782173
"161" 6440000 14.8769823700055 6.80888586735981 -2.20033882698791
"162" 6480000 14.9396546987438 6.81157500587059 -2.19851311562008
"163" 6520000 14.8896289551934 6.81424759573192 -2.19996979993055
"164" 6560000 14.6637690446475 6.81690383937566 -2.20660806349692
"165" 6600000 14.4581785388443 6.81954393554187 -2.21274009194719
"166" 6640000 14.295922326127 6.82216807936802 -2.21764149548083
"167" 6680000 14.3924754345277 6.82477646247555 -2.21471817847548
"168" 6720000 14.6007984264595 6.82736927305382 -2.20847707005142
"169" 6760000 14.7654009846281 6.82994669594164 -2.20360842972241
"170" 6800000 14.7109548114032 6.83250891270624 -2.20521281390393
"171" 6840000 14.7501749663566 6.83505610172012 -2.2040565033981
"172" 6880000 14.6984183964483 6.83758843823551 -2.20558306974917
"173" 6920000 14.5324773631682 6.84010609445676 -2.2105140201969
"174" 6960000 14.3713423211213 6.84260923961056 -2.21535634106344
"175" 7000000 14.2355219058301 6.84509804001426 -2.21948028136302
"176" 7040000 14.0113228673949 6.84757265914211 -2.22637453456369
"177" 7080000 13.9936728926837 6.85003325768977 -2.22692195743805
"178" 7120000 14.0790708960018 6.85247999363686 -2.22427967948409
"179" 7160000 14.1846678415247 6.85491302230786 -2.22103450484133
"180" 7200000 14.4219432785212 6.85733249643127 -2.21382989218874
"181" 7240000 14.3133810707506 6.85973856619715 -2.21711144151293
"182" 7280000 14.2031186834088 6.86213137931304 -2.22046995924437
"183" 7320000 14.3366396430803 6.86451108105839 -2.21640630611777
"184" 7360000 14.5576509202952 6.8668778143375 -2.20976237416959
"185" 7400000 14.7363317171211 6.86923171973098 -2.20446428633833
"186" 7440000 14.8767291633475 6.87157293554588 -2.2003462187551
"187" 7480000 14.6831294894184 6.87390159786446 -2.20603504651925
"188" 7520000 14.3980859090306 6.87621784059164 -2.21454891479776
"189" 7560000 14.1146722828699 6.87852179550121 -2.22318287626894
"190" 7600000 13.9474598174097 6.88081359228079 -2.22835855645444
"191" 7640000 13.9851803890358 6.88309335857569 -2.22718560280964
"192" 7680000 14.1017044823711 6.88536122003151 -2.22358206604745
"193" 7720000 14.2010478673521 6.88761730033574 -2.22053328403768
"194" 7760000 14.202283482197 6.88986172125819 -2.2204954982792
"195" 7800000 14.191561622625 6.89209460269048 -2.22082348800035
"196" 7840000 14.2438758325289 6.89431606268444 -2.21922549617375
"197" 7880000 14.4500341053786 6.89652621748955 -2.21298480320966
"198" 7920000 14.8235402993125 6.89872518158949 -2.20190173695489
"199" 7960000 14.9570789238038 6.90091306773767 -2.19800689004057
"200" 8000000 14.8849876961714 6.90308998699194 -2.20010519533948
"201" 8040000 14.7096987841337 6.90525604874845 -2.20524989572544
"202" 8080000 14.2736225615878 6.90741136077459 -2.21831946684453
"203" 8120000 13.7971612310593 6.90955602924118 -2.23306393592966
"204" 8160000 13.5322120523493 6.91169015875386 -2.24148488069073
"205" 8200000 13.6329496428407 6.91381385238372 -2.23826384481332
"206" 8240000 13.7330511581955 6.91592721169712 -2.23508663744865
"207" 8280000 13.8466092326692 6.91803033678488 -2.23151023925339
"208" 8320000 13.7374653994414 6.92012332629072 -2.23494706376227
"209" 8360000 13.3013110283395 6.92220627743902 -2.24895922652738
"210" 8400000 12.7808691502431 6.92427928606188 -2.26629328674836
"211" 8440000 12.5145265672981 6.92634244662565 -2.27543925072602
"212" 8480000 12.3564271723345 6.92839585225671 -2.28096076151414
"213" 8520000 12.4662108096891 6.9304395947667 -2.2771192085885
"214" 8560000 12.8311893557683 6.93247376467715 -2.26458676123017
"215" 8600000 12.9628190702022 6.93449845124357 -2.26015421597147
"216" 8640000 12.8432320805485 6.93651374247889 -2.26417934489826
"217" 8680000 12.8942022671732 6.93851972517649 -2.26245919677219
"218" 8720000 12.7945787318176 6.94051648493257 -2.26582768425141
"219" 8760000 12.4481484595025 6.94250410616808 -2.27774891616443
"220" 8800000 12.4344986219968 6.94448267215017 -2.27822539679632
"221" 8840000 12.3337918287976 6.94645226501307 -2.2817570612592
"222" 8880000 12.0183549019213 6.9484129657786 -2.29300865075848
"223" 8920000 12.1693602776175 6.95036485437612 -2.28758592662292
"224" 8960000 12.2635457320339 6.95230800966212 -2.28423762038985
"225" 9000000 12.389003767051 6.95424250943933 -2.279817290339
"226" 9040000 12.5949508876677 6.95616843047536 -2.27265719697355
"227" 9080000 12.5131777980742 6.95808584852109 -2.27548605989584
"228" 9120000 12.4115601771535 6.95999483832842 -2.27902729804993
"229" 9160000 12.3999675963316 6.96189547366785 -2.27943312507472
"230" 9200000 12.3740269080543 6.96378782734556 -2.28034261925346
"231" 9240000 12.4998113425984 6.96567197122011 -2.27595021700842
"232" 9280000 12.5660171711167 6.96754797621886 -2.27365602650575
"233" 9320000 12.5402950465752 6.96941591235398 -2.27454592069355
"234" 9360000 12.3429960305643 6.97127584873811 -2.28143308601204
"235" 9400000 12.2640362874493 6.9731278535997 -2.28422024847689
"236" 9440000 12.0686381771059 6.97497199429807 -2.29119540818431
"237" 9480000 12.0733360986618 6.97680833733807 -2.29102638460648
"238" 9520000 12.2846778609516 6.97863694838447 -2.28348990280352
"239" 9560000 12.4584190012823 6.9804578922761 -2.27739074237103
"240" 9600000 12.6222559488447 6.98227123303957 -2.27171669296702
"241" 9640000 12.7473148576272 6.98407703390283 -2.26743496235794
"242" 9680000 12.7413542327191 6.98587535730839 -2.26763808528635
"243" 9720000 12.6778471090355 6.98766626492627 -2.26980816532882
"244" 9760000 12.5557796038892 6.98944981766669 -2.27400999156971
"245" 9800000 12.483487314333 6.9912260756925 -2.27651775106422
"246" 9840000 12.4980480568589 6.99299509843134 -2.27601148507588
"247" 9880000 12.7434084507191 6.99475694458763 -2.26756807203529
"248" 9920000 12.7256436301994 6.99651167215418 -2.26817391827962
"249" 9960000 12.5954039474227 6.9982593384237 -2.27264157501404
"250" 10000000 12.4781178586415 7 -2.27670459201435
"251" 10040000 12.3430324302209 7.001733712809 -2.28143180527383
"252" 10080000 12.3576806114685 7.00346053210951 -2.28091670880509
"253" 10120000 12.5688435396345 7.00518051250378 -2.27355835528565
"254" 10160000 12.7055169712219 7.0068937079479 -2.26886133470508
"255" 10200000 12.813467692497 7.00860017176192 -2.26518699712176
"256" 10240000 12.7159467111807 7.01029995663981 -2.26850497609234
"257" 10280000 12.5393215358189 7.01199311465926 -2.27457963654788
"258" 10320000 12.3313846938554 7.01367969729119 -2.28184182898223
"259" 10360000 12.1217724551182 7.01535975540921 -2.2892875479828
"260" 10400000 11.9740808423975 7.01703333929878 -2.29461148940088
"261" 10440000 11.7412015822704 7.01870049866624 -2.30314113090921
"262" 10480000 11.4207148053067 7.02036128264771 -2.31516038874073
"263" 10520000 11.3038579719403 7.02201573981772 -2.31962698318406
"264" 10560000 11.3324880728618 7.02366391819779 -2.3185284046898
"265" 10600000 11.4192613191573 7.02530586526477 -2.31521566384361
"266" 10640000 11.3591581503532 7.02694162795903 -2.31750752919175
"267" 10680000 11.4778959232409 7.02857125269254 -2.31299139290944
"268" 10720000 11.5946218166873 7.03019478535675 -2.30859708757305
"269" 10760000 11.4482900163814 7.03181227133037 -2.31411305258383
"270" 10800000 11.1347417175321 7.03342375548695 -2.32617352778441
"271" 10840000 10.8468246833336 7.03502928220237 -2.33755105460326
"272" 10880000 10.4829154333636 7.03662889536216 -2.35237159302011
"273" 10920000 10.5586590513359 7.03822263836872 -2.34924490899429
"274" 10960000 10.8044765024346 7.03981055414835 -2.33924994600737
"275" 11000000 10.8259322768494 7.04139268515823 -2.33838836936455
"276" 11040000 10.817869674885 7.04296907339318 -2.33871193023549
"277" 11080000 10.896481783059 7.04453976039241 -2.33556737820841
"278" 11120000 10.9974943061124 7.04610478724604 -2.33155992954198
"279" 11160000 11.0771942919618 7.04766419460156 -2.32842390211311
"280" 11200000 10.9659271184829 7.04921802267018 -2.33280832017945
"281" 11240000 10.739014625093 7.05076631123304 -2.34188924150821
"282" 11280000 10.6025852227582 7.05230909964732 -2.34744190336638
"283" 11320000 10.4459823295636 7.05384642685225 -2.35390438848901
"284" 11360000 10.2352197385284 7.055378331375 -2.36275650443027
"285" 11400000 10.0444887650738 7.05690485133647 -2.37092583800215
"286" 11440000 9.99372610993595 7.05842602445701 -2.37312623242963
"287" 11480000 9.99699554172435 7.05994188806195 -2.37298417690787
"288" 11520000 10.0896314542918 7.06145247908719 -2.36897837236035
"289" 11560000 10.1907782201768 7.06295783408451 -2.36464632510703
"290" 11600000 10.0993408600077 7.06445798922692 -2.36856064513932
"291" 11640000 9.85504809480393 7.06595298031387 -2.37919492726424
"292" 11680000 9.41804217471024 7.06744284277638 -2.39889304442271
"293" 11720000 9.14650636514399 7.06892761168207 -2.41159843439385
"294" 11760000 9.34144399806979 7.07040732174012 -2.40243966078613
"295" 11800000 9.40852001439212 7.07188200730613 -2.39933236223262
"296" 11840000 9.64873383199008 7.0733517023869 -2.38838334912932
"297" 11880000 9.62899417482134 7.07481644064517 -2.38927275136346
"298" 11920000 9.40858721075892 7.07627625540422 -2.39932926047942
"299" 11960000 9.15405466770007 7.07773117965239 -2.41124017364678
"300" 12000000 9.10223892872318 7.07918124604763 -2.41370544402828
"301" 12040000 9.10457236548016 7.08062648692181 -2.41359412319383
"302" 12080000 9.3377389866428 7.08206693428511 -2.40261194519927
"303" 12120000 9.1838734483984 7.08350261983027 -2.40982778471754
"304" 12160000 9.05258339652213 7.08493357493672 -2.41608114091145
"305" 12200000 9.01346111192642 7.08635983067475 -2.41796208600381
"306" 12240000 9.10177070282868 7.08778141780954 -2.41372778503187
"307" 12280000 9.10853900671544 7.08919836680515 -2.41340495283274
"308" 12320000 8.90753421599615 7.09061070782841 -2.423096176081
"309" 12360000 8.85705289084841 7.0920184707528 -2.42556443721557
"310" 12400000 8.60972942043351 7.09342168516223 -2.43786417232281
"311" 12440000 8.66197525081134 7.0948203803548 -2.43523673681781
"312" 12480000 8.75566316255475 7.0962145853464 -2.43056462978034
"313" 12520000 8.66472933159181 7.09760432887441 -2.43509867454635
"314" 12560000 8.27906369230092 7.09898963940118 -2.45487245162753
"315" 12600000 8.23121387387503 7.10037054511756 -2.45738978911048
"316" 12640000 8.23977797739194 7.10174707394637 -2.45693816564195
"317" 12680000 8.19575302057809 7.10311925354571 -2.45926481289684
"318" 12720000 8.19582575953201 7.10448711131239 -2.4592609584632
"319" 12760000 8.37537826425586 7.10585067438514 -2.44984924477859
"320" 12800000 8.41910844283391 7.10720996964787 -2.44758757182581
"321" 12840000 8.55543759180326 7.10856502373283 -2.4406114476854
"322" 12880000 8.46151930434455 7.10991586302379 -2.44540532574387
"323" 12920000 8.09256146769938 7.11126251365907 -2.46476766853184
"324" 12960000 7.82456518842341 7.11260500153457 -2.47939346222002
"325" 13000000 7.60174897041031 7.11394335230684 -2.49194015137085
"326" 13040000 7.91529508753622 7.1152775913959 -2.47438656504633
"327" 13080000 8.3392762645395 7.11660774398825 -2.4517253139031
"328" 13120000 8.37322067041158 7.11793383503964 -2.44996113844917
"329" 13160000 8.42883454065102 7.11925588927794 -2.44708614668617
"330" 13200000 8.38214109184301 7.12057393120585 -2.44949870854466
"331" 13240000 8.31189263434196 7.12188798510368 -2.45315375058317
"332" 13280000 8.31182805231479 7.123198075032 -2.45315712499237
"333" 13320000 8.28903881517309 7.12450422483428 -2.45434950202106
"334" 13360000 8.25601268096256 7.12580645813953 -2.45608332399192
"335" 13400000 8.17664759639508 7.12710479836481 -2.46027839474809
"336" 13440000 8.16318759779674 7.12839926871781 -2.46099389822415
"337" 13480000 8.1613230062551 7.1296898921993 -2.46109310877211
"338" 13520000 8.31018088379775 7.13097669160562 -2.45324319836687
"339" 13560000 8.39177738409091 7.13225968953104 -2.44899972090314
"340" 13600000 8.47512736634429 7.13353890837022 -2.44470744172674
"341" 13640000 8.48618652905502 7.13481437032046 -2.44414110187241
"342" 13680000 8.48552691793141 7.1360860973841 -2.44417485986299
"343" 13720000 8.33432556659739 7.13735411137073 -2.45198321389169
"344" 13760000 8.11086186655701 7.13861843389949 -2.46378667020132
"345" 13800000 7.98354254585795 7.13987908640124 -2.4706580312643
"346" 13840000 7.79609522413872 7.14113609012074 -2.48097654024015
"347" 13880000 7.59687788615798 7.14238946611884 -2.49221852981965
"348" 13920000 7.4992733826228 7.14363923527454 -2.4978344894398
"349" 13960000 7.52291922060692 7.14488541828714 -2.49646727684854
"350" 14000000 7.36414798879665 7.14612803567824 -2.50573116790209
"351" 14040000 7.18304437848566 7.14736710779379 -2.51654512572563
"352" 14080000 7.18690291967522 7.14860265480609 -2.51631189686928
"353" 14120000 7.13192136211227 7.14983469671578 -2.51964712941933
"354" 14160000 7.07967460892771 7.15106325335375 -2.52284037792949
"355" 14200000 7.0570298166774 7.15228834438306 -2.52423172296063
"356" 14240000 7.05089416679425 7.15350998930084 -2.52460947932766
"357" 14280000 7.05197239035304 7.15472820744016 -2.52454307204219
"358" 14320000 6.92459246228124 7.15594301797184 -2.53245945667551
"359" 14360000 6.75146190606353 7.15715443990628 -2.5434558537667
"360" 14400000 6.59380911913146 7.15836249209525 -2.55371730452127
"361" 14440000 6.44826276044999 7.15956719323362 -2.56341094910123
"362" 14480000 6.30013468872222 7.16076856186113 -2.57350384113101
"363" 14520000 6.21704178810454 7.16196661636407 -2.57926988883118
"364" 14560000 6.17159071271023 7.16316137497702 -2.58245655851437
"365" 14600000 6.11756032689629 7.16435285578444 -2.58627541459871
"366" 14640000 6.00454789275823 7.16554107672237 -2.59437336219512
"367" 14680000 5.86138758955691 7.16672605558005 -2.60485323489087
"368" 14720000 5.73056469944838 7.16790781000148 -2.6146562551554
"369" 14760000 5.664039849425 7.16908635748702 -2.61972737516068
"370" 14800000 5.56843698767289 7.17026171539496 -2.62712036578098
"371" 14840000 5.45197128714548 7.17143390094301 -2.63630011538457
"372" 14880000 5.24944725175402 7.17260293120986 -2.65274009919847
"373" 14920000 5.14919027637914 7.17376882313665 -2.66111473486888
"374" 14960000 5.19160348117455 7.17493159352844 -2.65755216036533
"375" 15000000 5.04612982918549 7.17609125905568 -2.66989525528093
"376" 15040000 5.07109369777814 7.17724783625562 -2.66775204032662
"377" 15080000 5.09190739380324 7.17840134153376 -2.66597317877029
"378" 15120000 5.1100959847809 7.17955179116519 -2.6644246176159
"379" 15160000 5.07727285152863 7.18069920129603 -2.66722317241566
"380" 15200000 5.03571170250553 7.18184358794477 -2.67079281680778
"381" 15240000 4.99285885554074 7.18298496700358 -2.67450438629549
"382" 15280000 4.95320014546458 7.18412335423967 -2.67796779833132
"383" 15320000 4.88905660106184 7.18525876529659 -2.68362861017709
"384" 15360000 4.89242085520289 7.18639121569549 -2.68332986654182
"385" 15400000 4.79282905779184 7.18752072083646 -2.69226173572226
"386" 15440000 4.81959100367599 7.18864729599972 -2.68984349029021
"387" 15480000 4.84274136123499 7.18977095634687 -2.68776240025918
"388" 15520000 4.86718119408179 7.19089171692217 -2.68557616099765
"389" 15560000 4.83218305530588 7.19200959265367 -2.68871029724032
"390" 15600000 4.73625090020484 7.19312459835446 -2.69741897450944
"391" 15640000 4.65108394001984 7.19423674872383 -2.70529949786462
"392" 15680000 4.69446767681635 7.19534605834842 -2.70126732221319
"393" 15720000 4.56314146344583 7.19645254170339 -2.71358974265043
"394" 15760000 4.54898160037755 7.19755621315354 -2.71493949512896
"395" 15800000 4.55842458595796 7.19865708695442 -2.71403890105948
"396" 15840000 4.60228329029111 7.19975517725347 -2.70988032749262
"397" 15880000 4.59588454069797 7.20085049809108 -2.71048456567107
"398" 15920000 4.54630507565602 7.20194306340165 -2.71519510003559
"399" 15960000 4.47610446181498 7.20303288701471 -2.72195346194493
"400" 16000000 4.41200748750627 7.20411998265593 -2.72821743453858
"401" 16040000 4.41829874259819 7.20520436394814 -2.72759859805392
"402" 16080000 4.51619188980253 7.20628604441243 -2.71808128882688
"403" 16120000 4.60521753551217 7.20736503746907 -2.70960352566
"404" 16160000 4.68098684107685 7.20844135643857 -2.70251625507225
"405" 16200000 4.59569253420822 7.20951501454263 -2.71050270996956
"406" 16240000 4.55384167582387 7.21058602490516 -2.71447574798492
"407" 16280000 4.39278035702544 7.21165440055318 -2.73011418664462
"408" 16320000 4.33302372037465 7.21272015441784 -2.73606260882806
"409" 16360000 4.17545205394232 7.2137832993353 -2.75215017422336
"410" 16400000 4.29546039557779 7.2148438480477 -2.7398439561707
"411" 16440000 4.40849672969945 7.21590181320403 -2.72856315237642
"412" 16480000 4.46714991322665 7.2169572073611 -2.72282314811875
"413" 16520000 4.58084246027805 7.21801004298436 -2.71190831912321
"414" 16560000 4.70187200910506 7.21906033244886 -2.70058287243206
"415" 16600000 4.59551522055145 7.22010808804005 -2.7105194664927
"416" 16640000 4.61020206012973 7.2211533219547 -2.70913371487712
"417" 16680000 4.52244516057002 7.22219604630172 -2.71748036605361
"418" 16720000 4.53059867122601 7.223236273103 -2.71669808205957
"419" 16760000 4.6137078209242 7.22427401429426 -2.70880358748844
"420" 16800000 4.81031200831426 7.22530928172586 -2.69068042867378
"421" 16840000 4.97255467073082 7.22634208716363 -2.67627410866601
"422" 16880000 5.11639142663046 7.22737244228964 -2.66388991280636
"423" 16920000 5.17605872416142 7.228400358703 -2.6588544804291
"424" 16960000 5.20923348910673 7.2294258479207 -2.656079851451
"425" 17000000 5.16520774870789 7.23044892137827 -2.65976588146583
"426" 17040000 4.94860396142169 7.23146959043068 -2.6783709768813
"427" 17080000 4.85766938133118 7.23248786635299 -2.68642572245379
"428" 17120000 4.76921959419242 7.23350376034113 -2.69440635576582
"429" 17160000 4.73518841852995 7.23451728351269 -2.69751641058329
"430" 17200000 4.71632362910829 7.23552844690755 -2.69925007706682
"431" 17240000 4.70782602074835 7.23653726148869 -2.70003327036433
"432" 17280000 4.79158633965297 7.23754373814287 -2.69237435722517
"433" 17320000 4.82448442583857 7.23854788768133 -2.68940276656491
"434" 17360000 4.67481496700939 7.23954972084047 -2.70308924951875
"435" 17400000 4.61888416841758 7.2405492482826 -2.70831660411672
"436" 17440000 4.58548340730172 7.24154648059655 -2.71146854905949
"437" 17480000 4.64509667365285 7.24254142829838 -2.70585891838633
"438" 17520000 4.80549203905474 7.24353410183206 -2.69111581321725
"439" 17560000 4.89912717303022 7.24452451157008 -2.6827349621869
"440" 17600000 5.14259549277766 7.24551266781415 -2.66167131048826
"441" 17640000 5.3214999466056 7.2464985807958 -2.64681961320806
"442" 17680000 5.33303505246345 7.24748226067705 -2.64587923715599
"443" 17720000 5.30364325279972 7.24846371755103 -2.64827937158319
"444" 17760000 5.06642264717317 7.24944296144258 -2.66815225899498
"445" 17800000 4.82578972836905 7.25042000230889 -2.68928528064055
"446" 17840000 4.66978805156622 7.2513948500401 -2.70355650571877
"447" 17880000 4.3410072455091 7.2523675144599 -2.73526316462392
"448" 17920000 4.1867699442236 7.25333800532611 -2.75097457752229
"449" 17960000 3.94965680132364 7.25430633233129 -2.77629431534825
"450" 18000000 4.02673277199175 7.25527250510331 -2.76790086606788
"451" 18040000 4.08331068597585 7.25623653320592 -2.76184125008718
"452" 18080000 4.1473726647256 7.25719842613934 -2.75508061442196
"453" 18120000 4.18903462764846 7.25815819334079 -2.75073972497047
"454" 18160000 4.30996445931683 7.25911584418507 -2.73837998642651
"455" 18200000 4.5170482506301 7.26007138798508 -2.71799894566379
"456" 18240000 4.57473941966995 7.2610248339924 -2.71248731394544
"457" 18280000 4.62543236046653 7.26197619139781 -2.70770134085955
"458" 18320000 4.63511042535158 7.26292546933183 -2.70679359024438
"459" 18360000 4.61897885247691 7.26387267686522 -2.70830770145938
"460" 18400000 4.56544516218673 7.26481782300954 -2.71337054471467
"461" 18440000 4.51781889074201 7.26576091671761 -2.71792485829898
"462" 18480000 4.45184365360086 7.26670196688409 -2.7243137716
"463" 18520000 4.29496988469706 7.26764098234592 -2.73989355232877
"464" 18560000 4.21342007863482 7.26857797188284 -2.74821891482492
"465" 18600000 4.20417282841356 7.26951294421792 -2.74917311429829
"466" 18640000 4.3136493040463 7.27044590801796 -2.73800884090121
"467" 18680000 4.23499476600211 7.27137687189407 -2.74600079741173
"468" 18720000 4.42150347818125 7.27230584440209 -2.72728370434795
"469" 18760000 4.44502801211668 7.27323283404305 -2.72497917314281
"470" 18800000 4.47997272836091 7.27415784926368 -2.72157830508011
"471" 18840000 4.32580407809708 7.27508089845686 -2.73678682961222
"472" 18880000 4.29767406255976 7.27600198996205 -2.73962020001257
"473" 18920000 4.26760258679165 7.27692113206577 -2.74266970563465
"474" 18960000 4.20840918075384 7.27783833300205 -2.74873571598269
"475" 19000000 4.22138187683053 7.27875360095283 -2.74739903403398
"476" 19040000 4.27581100421055 7.27966694404846 -2.74183517469473
"477" 19080000 4.18978156287009 7.28057837036808 -2.75066229402114
"478" 19120000 4.26820239040142 7.28148788794008 -2.74260867064168
"479" 19160000 4.26913325424008 7.28239550474253 -2.74251396450689
"480" 19200000 4.37948679107649 7.28330122870355 -2.73143045452803
"481" 19240000 4.39352111183172 7.28420506770179 -2.73004095771509
"482" 19280000 4.42380320691227 7.28510702956681 -2.72705787622106
"483" 19320000 4.42892728790601 7.28600712207947 -2.72655512504158
"484" 19360000 4.38204381544516 7.28690535297237 -2.73117695964116
"485" 19400000 4.28711633093414 7.28780172993023 -2.74068840708295
"486" 19440000 4.27706920976053 7.28869626059026 -2.74170739745063
"487" 19480000 4.21514170049878 7.2895889525426 -2.74804149644551
"488" 19520000 4.2105037101796 7.29047981333067 -2.74851962095894
"489" 19560000 4.23024344432125 7.29136885045158 -2.74648831423126
"490" 19600000 4.3078830803643 7.29225607135648 -2.73858976767577
"491" 19640000 4.39506181871789 7.29314148345093 -2.72988868731813
"492" 19680000 4.37295271085464 7.29402509409532 -2.73207889443126
"493" 19720000 4.36712875284736 7.29490691060519 -2.73265767924243
"494" 19760000 4.37065379174918 7.29578694025161 -2.73230726882221
"495" 19800000 4.38019849797024 7.29666519026153 -2.73135988341339
"496" 19840000 4.25035817708702 7.29754166781816 -2.74442814581005
"497" 19880000 4.10957915494944 7.29841638006129 -2.75905632549097
"498" 19920000 4.00785087724825 7.29928933408768 -2.76994212125904
"499" 19960000 4.00070681013621 7.30016053695135 -2.77071694985346
"500" 20000000 3.92294417496231 7.30102999566398 -2.77924154734522
"501" 20040000 3.91554289831327 7.30189771719521 -2.78006168891921
"502" 20080000 3.95477995977788 7.30276370847298 -2.77573135056647
"503" 20120000 4.02527180352036 7.30362797638389 -2.76805846422779
"504" 20160000 4.08568105539974 7.30449052777349 -2.76158921448172
"505" 20200000 4.20986973598763 7.30535136944662 -2.74858501746315
"506" 20240000 4.15844684904125 7.30621050816776 -2.75392252039359
"507" 20280000 4.18810582495665 7.3070679506613 -2.75083602844963
"508" 20320000 4.21226841982727 7.30792370361188 -2.74833763724585
"509" 20360000 4.3007427808693 7.30877777366472 -2.73931020632206
"510" 20400000 4.3397691436744 7.3096301674259 -2.73538704773631
"511" 20440000 4.32867088600362 7.31048089146268 -2.73649910819522
"512" 20480000 4.33014478342598 7.31132995230379 -2.73635125760039
"513" 20520000 4.41046902164365 7.31217735643978 -2.72836889932079
"514" 20560000 4.46912456625122 7.31302311032324 -2.72263121557948
"515" 20600000 4.58431203621036 7.31386722036915 -2.71157950464343
"516" 20640000 4.63708659689473 7.31470969295517 -2.70660846898187
"517" 20680000 4.67906472348861 7.3155505344219 -2.70269462269514
"518" 20720000 4.69126453516236 7.3163897510732 -2.70156375231959
"519" 20760000 4.65613407649094 7.31722734917642 -2.70482819771594
"520" 20800000 4.69347456352357 7.31806333496276 -2.7013592068059
"521" 20840000 4.59137268801194 7.31889771462749 -2.71091112886256
"522" 20880000 4.49594640180519 7.31973049433022 -2.7200325501651
"523" 20920000 4.53263754814276 7.32056168019524 -2.71650268320033
"524" 20960000 4.56712904304274 7.32139127831169 -2.71321039267959
"525" 21000000 4.62176359642752 7.32221929473392 -2.70804594782334
"526" 21040000 4.590121132868 7.3230457354817 -2.71102952865823
"527" 21080000 4.56245615515219 7.32387060654051 -2.71365497138905
"528" 21120000 4.53446509952309 7.32469391386177 -2.7163276117312
"529" 21160000 4.71322401067896 7.32551566336315 -2.69953559388688
"530" 21200000 4.61269229379777 7.32633586092875 -2.70889919093583
"531" 21240000 4.73968012589398 7.32715451240943 -2.69710464257627
"532" 21280000 4.87670245314165 7.32797162362301 -2.68472741695754
"533" 21320000 4.82922418033787 7.32878720035453 -2.68897630882229
"534" 21360000 4.79227479190963 7.32960124835652 -2.69231196253633
"535" 21400000 4.89228050525052 7.33041377334919 -2.68334232542178
"536" 21440000 4.91239860456013 7.33122478102073 -2.68156007601196
"537" 21480000 4.88251425844666 7.33203427702752 -2.68421015510203
"538" 21520000 4.86162495084681 7.33284226699435 -2.68607222310506
"539" 21560000 4.87390049623768 7.3336487565147 -2.68497701679495
"540" 21600000 4.83152035615594 7.33445375115093 -2.6887698616893
"541" 21640000 4.82841820062358 7.33525725643453 -2.68904879701961
"542" 21680000 4.70515844057177 7.33605927786635 -2.70027942298181
"543" 21720000 4.58289619025562 7.33685982091681 -2.7117136554285
"544" 21760000 4.47171886962768 7.33765889102614 -2.7223791830547
"545" 21800000 4.38010194500175 7.33845649360461 -2.73136945669725
"546" 21840000 4.2050353836986 7.3392526340327 -2.74908402077307
"547" 21880000 4.04340297354528 7.34004731766139 -2.76610664919904
"548" 21920000 3.90278771277039 7.34084054981233 -2.78147874631603
"549" 21960000 3.77366488093693 7.34163233577805 -2.79609034517423
"550" 22000000 3.71356187093215 7.34242268082221 -2.80306301132974
"551" 22040000 3.69060564927756 7.34321159017975 -2.80575603314713
"552" 22080000 3.66226924797321 7.34399906905716 -2.8091034051123
"553" 22120000 3.57919968507611 7.34478512263266 -2.81906774679735
"554" 22160000 NA 7.34556975605639 NA
"555" 22200000 NA 7.34635297445064 NA
"556" 22240000 NA 7.34713478291002 NA
"557" 22280000 NA 7.34791518650169 NA
"558" 22320000 NA 7.34869419026554 NA
"559" 22360000 NA 7.34947179921439 NA
"560" 22400000 NA 7.35024801833416 NA
"561" 22440000 3.44383087471187 7.35102285258412 -2.83581186007709
"562" 22480000 NA 7.35179630689702 NA
"563" 22520000 NA 7.35256838617931 NA
"564" 22560000 3.60668179039179 7.3533390953113 -2.81574584817669
"565" 22600000 3.6314431840467 7.3541084391474 -2.81277442156628
"566" 22640000 3.59430561095837 7.35487642251623 -2.8172386744872
"567" 22680000 3.58696694836161 7.35564305022087 -2.81812630039291
"568" 22720000 3.60411778759803 7.35640832703898 -2.81605469944895
"569" 22760000 3.60876139355655 7.35717225772303 -2.81549550729506
"570" 22800000 3.63701050529007 7.35793484700045 -2.81210911984705
"571" 22840000 3.65979676163028 7.35869609957381 -2.8093967068156
"572" 22880000 NA 7.35945602012099 NA
"573" 22920000 3.6027966504943 7.36021461329535 -2.81621392502748
"574" 22960000 3.56917279042383 7.36097188372594 -2.82028610185341
"575" 23000000 3.57366164646739 7.36172783601759 -2.81974024413162
"576" 23040000 3.58807059268075 7.36248247475117 -2.81799269645318
"577" 23080000 3.5843622677339 7.36323580448369 -2.8184417784415
"578" 23120000 NA 7.36398782974849 NA
"579" 23160000 NA 7.3647385550554 NA
"580" 23200000 NA 7.3654879848909 NA
"581" 23240000 NA 7.36623612371829 NA
"582" 23280000 NA 7.36698297597785 NA
"583" 23320000 NA 7.36772854608698 NA
"584" 23360000 3.67864584369747 7.36847283844036 -2.80716569656635
"585" 23400000 NA 7.36921585741014 NA
"586" 23440000 NA 7.36995760734605 NA
"587" 23480000 NA 7.37069809257558 NA
"588" 23520000 NA 7.3714373174041 NA
"589" 23560000 NA 7.37217528611506 NA
"590" 23600000 3.8557322482185 7.37291200297011 -2.78674680756489
"591" 23640000 NA 7.37364747220922 NA
"592" 23680000 NA 7.37438169805088 NA
"593" 23720000 NA 7.37511468469222 NA
"594" 23760000 NA 7.37584643630916 NA
"595" 23800000 NA 7.37657695705651 NA
"596" 23840000 NA 7.3773062510682 NA
"597" 23880000 NA 7.37803432245733 NA
"598" 23920000 NA 7.37876117531637 NA
"599" 23960000 NA 7.37948681371727 NA
"600" 24000000 NA 7.38021124171161 NA
"601" 24040000 NA 7.3809344633307 NA
"602" 24080000 NA 7.38165648258579 NA
"603" 24120000 NA 7.38237730346811 NA
"604" 24160000 NA 7.38309692994909 NA
"605" 24200000 NA 7.38381536598043 NA
"606" 24240000 NA 7.38453261549425 NA
"607" 24280000 NA 7.38524868240322 NA
"608" 24320000 NA 7.3859635706007 NA
"609" 24360000 NA 7.38667728396084 NA
"610" 24400000 NA 7.38738982633873 NA
"611" 24440000 NA 7.38810120157052 NA
"612" 24480000 NA 7.38881141347352 NA
"613" 24520000 NA 7.38952046584638 NA
"614" 24560000 NA 7.39022836246913 NA
"615" 24600000 NA 7.39093510710338 NA
"616" 24640000 NA 7.39164070349239 NA
"617" 24680000 NA 7.3923451553612 NA
"618" 24720000 NA 7.39304846641678 NA
"619" 24760000 NA 7.39375064034808 NA
"620" 24800000 NA 7.39445168082622 NA
"621" 24840000 NA 7.39515159150454 NA
"622" 24880000 NA 7.39585037601878 NA
"623" 24920000 NA 7.39654803798713 NA
"624" 24960000 NA 7.39724458101039 NA
"625" 25000000 NA 7.39794000867204 NA
"626" 25040000 NA 7.39863432453839 NA
"627" 25080000 NA 7.39932753215868 NA
"628" 25120000 NA 7.40001963506516 NA
"629" 25160000 NA 7.40071063677323 NA
"630" 25200000 NA 7.40140054078154 NA
"631" 25240000 NA 7.4020893505721 NA
"632" 25280000 NA 7.40277706961035 NA
"633" 25320000 NA 7.40346370134532 NA
"634" 25360000 NA 7.40414924920969 NA
"635" 25400000 NA 7.40483371661994 NA
"636" 25440000 NA 7.40551710697638 NA
"637" 25480000 NA 7.40619942366331 NA
"638" 25520000 NA 7.40688067004912 NA
"639" 25560000 NA 7.40756084948636 NA
"640" 25600000 NA 7.40823996531185 NA
"641" 25640000 NA 7.40891802084678 NA
"642" 25680000 NA 7.40959501939682 NA
"643" 25720000 NA 7.41027096425218 NA
"644" 25760000 NA 7.41094585868777 NA
"645" 25800000 NA 7.41161970596323 NA
"646" 25840000 NA 7.41229250932305 NA
"647" 25880000 NA 7.41296427199666 NA
"648" 25920000 NA 7.41363499719856 NA
"649" 25960000 NA 7.41430468812833 NA
"650" 26000000 NA 7.41497334797082 NA
"651" 26040000 NA 7.41564097989615 NA
"652" 26080000 NA 7.41630758705988 NA
"653" 26120000 NA 7.41697317260304 NA
"654" 26160000 NA 7.41763773965223 NA
"655" 26200000 NA 7.41830129131975 NA
"656" 26240000 NA 7.41896383070362 NA
"657" 26280000 NA 7.41962536088774 NA
"658" 26320000 NA 7.42028588494192 NA
"659" 26360000 NA 7.42094540592197 NA
"660" 26400000 NA 7.42160392686983 NA
"661" 26440000 NA 7.4222614508136 NA
"662" 26480000 NA 7.42291798076766 NA
"663" 26520000 NA 7.42357351973274 NA
"664" 26560000 NA 7.42422807069598 NA
"665" 26600000 NA 7.42488163663107 NA
"666" 26640000 NA 7.42553422049826 NA
"667" 26680000 NA 7.42618582524451 NA
"668" 26720000 NA 7.42683645380351 NA
"669" 26760000 NA 7.42748610909579 NA
"670" 26800000 NA 7.42813479402879 NA
"671" 26840000 NA 7.42878251149695 NA
"672" 26880000 NA 7.42942926438179 NA
"673" 26920000 NA 7.43007505555194 NA
"674" 26960000 NA 7.43071988786328 NA
"675" 27000000 NA 7.43136376415899 NA
"676" 27040000 NA 7.4320066872696 NA
"677" 27080000 NA 7.43264866001311 NA
"678" 27120000 NA 7.43328968519503 NA
"679" 27160000 NA 7.43392976560846 NA
"680" 27200000 NA 7.4345689040342 NA
"681" 27240000 NA 7.43520710324075 NA
"682" 27280000 NA 7.43584436598444 NA
"683" 27320000 NA 7.43648069500949 NA
"684" 27360000 NA 7.43711609304808 NA
"685" 27400000 NA 7.43775056282039 NA
"686" 27440000 NA 7.43838410703471 NA
"687" 27480000 NA 7.43901672838751 NA
"688" 27520000 NA 7.43964842956347 NA
"689" 27560000 NA 7.44027921323559 NA
"690" 27600000 NA 7.44090908206522 NA
"691" 27640000 NA 7.44153803870216 NA
"692" 27680000 NA 7.44216608578472 NA
"693" 27720000 NA 7.44279322593977 NA
"694" 27760000 NA 7.44341946178282 NA
"695" 27800000 NA 7.44404479591808 NA
"696" 27840000 NA 7.44466923093852 NA
"697" 27880000 NA 7.44529276942597 NA
"698" 27920000 NA 7.44591541395112 NA
"699" 27960000 NA 7.44653716707364 NA
"700" 28000000 NA 7.44715803134222 NA
"701" 28040000 NA 7.44777800929462 NA
"702" 28080000 NA 7.44839710345777 NA
"703" 28120000 NA 7.44901531634779 NA
"704" 28160000 NA 7.44963265047007 NA
"705" 28200000 NA 7.45024910831936 NA
"706" 28240000 NA 7.45086469237977 NA
"707" 28280000 NA 7.45147940512486 NA
"708" 28320000 NA 7.45209324901773 NA
"709" 28360000 NA 7.45270622651103 NA
"710" 28400000 NA 7.45331834004704 NA
"711" 28440000 NA 7.45392959205773 NA
"712" 28480000 NA 7.45453998496482 NA
"713" 28520000 NA 7.45514952117983 NA
"714" 28560000 NA 7.45575820310414 NA
"715" 28600000 NA 7.45636603312904 NA
"716" 28640000 NA 7.45697301363582 NA
"717" 28680000 NA 7.45757914699576 NA
"718" 28720000 NA 7.45818443557026 NA
"719" 28760000 NA 7.45878888171084 NA
"720" 28800000 NA 7.45939248775923 NA
"721" 28840000 NA 7.45999525604739 NA
"722" 28880000 NA 7.4605971888976 NA
"723" 28920000 NA 7.46119828862249 NA
"724" 28960000 NA 7.46179855752511 NA
"725" 29000000 NA 7.46239799789896 NA
"726" 29040000 NA 7.46299661202806 NA
"727" 29080000 NA 7.463594402187 NA
"728" 29120000 NA 7.464191370641 NA
"729" 29160000 NA 7.46478751964594 NA
"730" 29200000 NA 7.46538285144842 NA
"731" 29240000 NA 7.46597736828582 NA
"732" 29280000 NA 7.46657107238635 NA
"733" 29320000 NA 7.46716396596909 NA
"734" 29360000 NA 7.46775605124403 NA
"735" 29400000 NA 7.46834733041216 NA
"736" 29440000 NA 7.46893780566546 NA
"737" 29480000 NA 7.46952747918701 NA
"738" 29520000 NA 7.470116353151 NA
"739" 29560000 NA 7.47070442972279 NA
"740" 29600000 NA 7.47129171105894 NA
"741" 29640000 NA 7.47187819930729 NA
"742" 29680000 NA 7.47246389660699 NA
"743" 29720000 NA 7.47304880508854 NA
"744" 29760000 NA 7.47363292687384 NA
"745" 29800000 NA 7.47421626407626 NA
"746" 29840000 NA 7.47479881880063 NA
"747" 29880000 NA 7.47538059314336 NA
"748" 29920000 NA 7.47596158919242 NA
"749" 29960000 NA 7.47654180902743 NA
"750" 30000000 NA 7.47712125471966 NA
"751" 30040000 NA 7.47769992833213 NA
"752" 30080000 NA 7.4782778319196 NA
"753" 30120000 NA 7.47885496752866 NA
"754" 30160000 NA 7.47943133719774 NA
"755" 30200000 NA 7.48000694295715 NA
"756" 30240000 NA 7.48058178682917 NA
"757" 30280000 NA 7.48115587082803 NA
"758" 30320000 NA 7.48172919696002 NA
"759" 30360000 NA 7.48230176722344 NA
"760" 30400000 NA 7.48287358360875 NA
"761" 30440000 NA 7.48344464809854 NA
"762" 30480000 NA 7.48401496266756 NA
"763" 30520000 NA 7.48458452928284 NA
"764" 30560000 NA 7.48515334990365 NA
"765" 30600000 NA 7.48572142648158 NA
"766" 30640000 NA 7.48628876096057 NA
"767" 30680000 NA 7.48685535527694 NA
"768" 30720000 NA 7.48742121135947 NA
"769" 30760000 NA 7.48798633112939 NA
"770" 30800000 NA 7.48855071650044 NA
"771" 30840000 NA 7.48911436937892 NA
"772" 30880000 NA 7.4896772916637 NA
"773" 30920000 NA 7.49023948524629 NA
"774" 30960000 NA 7.49080095201086 NA
"775" 31000000 NA 7.49136169383427 NA
"776" 31040000 NA 7.49192171258615 NA
"777" 31080000 NA 7.49248101012888 NA
"778" 31120000 NA 7.49303958831765 NA
"779" 31160000 NA 7.49359744900053 NA
"780" 31200000 NA 7.49415459401844 NA
"781" 31240000 NA 7.49471102520526 NA
"782" 31280000 NA 7.49526674438781 NA
"783" 31320000 NA 7.49582175338591 NA
"784" 31360000 NA 7.4963760540124 NA
"785" 31400000 NA 7.49692964807322 NA
"786" 31440000 NA 7.49748253736737 NA
"787" 31480000 NA 7.49803472368703 NA
"788" 31520000 NA 7.49858620881752 NA
"789" 31560000 NA 7.49913699453738 NA
"790" 31600000 NA 7.4996870826184 NA
"791" 31640000 NA 7.50023647482564 NA
"792" 31680000 NA 7.50078517291746 NA
"793" 31720000 NA 7.50133317864557 NA
"794" 31760000 NA 7.50188049375506 NA
"795" 31800000 NA 7.50242711998443 NA
"796" 31840000 NA 7.50297305906563 NA
"797" 31880000 NA 7.50351831272407 NA
"798" 31920000 NA 7.50406288267869 NA
"799" 31960000 NA 7.50460677064195 NA
"800" 32000000 NA 7.50514997831991 NA
"801" 32040000 NA 7.5056925074122 NA
"802" 32080000 NA 7.50623435961213 NA
"803" 32120000 NA 7.50677553660664 NA
"804" 32160000 NA 7.50731604007641 NA
"805" 32200000 NA 7.50785587169583 NA
"806" 32240000 NA 7.50839503313305 NA
"807" 32280000 NA 7.50893352605003 NA
"808" 32320000 NA 7.50947135210255 NA
"809" 32360000 NA 7.51000851294023 NA
"810" 32400000 NA 7.51054501020661 NA
"811" 32440000 NA 7.51108084553912 NA
"812" 32480000 NA 7.51161602056914 NA
"813" 32520000 NA 7.51215053692203 NA
"814" 32560000 NA 7.51268439621716 NA
"815" 32600000 NA 7.51321760006794 NA
"816" 32640000 NA 7.51375015008182 NA
"817" 32680000 NA 7.51428204786038 NA
"818" 32720000 NA 7.51481329499929 NA
"819" 32760000 NA 7.51534389308838 NA
"820" 32800000 NA 7.51587384371168 NA
"821" 32840000 NA 7.5164031484474 NA
"822" 32880000 NA 7.51693180886801 NA
"823" 32920000 NA 7.51745982654023 NA
"824" 32960000 NA 7.51798720302508 NA
"825" 33000000 NA 7.51851393987789 NA
"826" 33040000 NA 7.51904003864834 NA
"827" 33080000 NA 7.51956550088051 NA
"828" 33120000 NA 7.52009032811284 NA
"829" 33160000 NA 7.52061452187824 NA
"830" 33200000 NA 7.52113808370404 NA
"831" 33240000 NA 7.52166101511207 NA
"832" 33280000 NA 7.52218331761869 NA
"833" 33320000 NA 7.52270499273475 NA
"834" 33360000 NA 7.5232260419657 NA
"835" 33400000 NA 7.52374646681156 NA
"836" 33440000 NA 7.52426626876698 NA
"837" 33480000 NA 7.52478544932122 NA
"838" 33520000 NA 7.52530400995824 NA
"839" 33560000 NA 7.52582195215666 NA
"840" 33600000 NA 7.52633927738984 NA
"841" 33640000 NA 7.52685598712587 NA
"842" 33680000 NA 7.52737208282761 NA
"843" 33720000 NA 7.5278875659527 NA
"844" 33760000 NA 7.52840243795362 NA
"845" 33800000 NA 7.52891670027766 NA
"846" 33840000 NA 7.52943035436699 NA
"847" 33880000 NA 7.52994340165867 NA
"848" 33920000 NA 7.53045584358468 NA
"849" 33960000 NA 7.53096768157191 NA
"850" 34000000 NA 7.53147891704226 NA
"851" 34040000 NA 7.53198955141255 NA
"852" 34080000 NA 7.53249958609466 NA
"853" 34120000 NA 7.53300902249549 NA
"854" 34160000 NA 7.53351786201697 NA
"855" 34200000 NA 7.53402610605614 NA
"856" 34240000 NA 7.53453375600512 NA
"857" 34280000 NA 7.53504081325116 NA
"858" 34320000 NA 7.53554727917667 NA
"859" 34360000 NA 7.5360531551592 NA
"860" 34400000 NA 7.53655844257153 NA
"861" 34440000 NA 7.53706314278162 NA
"862" 34480000 NA 7.53756725715268 NA
"863" 34520000 NA 7.53807078704317 NA
"864" 34560000 NA 7.53857373380686 NA
"865" 34600000 NA 7.53907609879278 NA
"866" 34640000 NA 7.53957788334531 NA
"867" 34680000 NA 7.54007908880417 NA
"868" 34720000 NA 7.54057971650445 NA
"869" 34760000 NA 7.54107976777663 NA
"870" 34800000 NA 7.54157924394658 NA
"871" 34840000 NA 7.54207814633563 NA
"872" 34880000 NA 7.54257647626053 NA
"873" 34920000 NA 7.54307423503353 NA
"874" 34960000 NA 7.54357142396237 NA
"875" 35000000 NA 7.54406804435028 NA
"876" 35040000 NA 7.54456409749604 NA
"877" 35080000 NA 7.545059584694 NA
"878" 35120000 NA 7.54555450723406 NA
"879" 35160000 NA 7.54604886640173 NA
"880" 35200000 NA 7.54654266347813 NA
"881" 35240000 NA 7.54703589974001 NA
"882" 35280000 NA 7.54752857645978 NA
"883" 35320000 NA 7.54802069490553 NA
"884" 35360000 NA 7.54851225634104 NA
"885" 35400000 NA 7.54900326202579 NA
"886" 35440000 NA 7.54949371321501 NA
"887" 35480000 NA 7.54998361115969 NA
"888" 35520000 NA 7.55047295710656 NA
"889" 35560000 NA 7.55096175229818 NA
"890" 35600000 NA 7.55144999797287 NA
"891" 35640000 NA 7.55193769536484 NA
"892" 35680000 NA 7.55242484570409 NA
"893" 35720000 NA 7.55291145021651 NA
"894" 35760000 NA 7.55339751012388 NA
"895" 35800000 NA 7.55388302664387 NA
"896" 35840000 NA 7.55436800099009 NA
"897" 35880000 NA 7.55485243437205 NA
"898" 35920000 NA 7.55533632799527 NA
"899" 35960000 NA 7.55581968306119 NA
"900" 36000000 NA 7.55630250076729 NA
"901" 36040000 NA 7.55678478230703 NA
"902" 36080000 NA 7.5572665288699 NA
"903" 36120000 NA 7.55774774164147 NA
"904" 36160000 NA 7.55822842180333 NA
"905" 36200000 NA 7.55870857053317 NA
"906" 36240000 NA 7.55918818900478 NA
"907" 36280000 NA 7.55966727838806 NA
"908" 36320000 NA 7.56014583984905 NA
"909" 36360000 NA 7.56062387454993 NA
"910" 36400000 NA 7.56110138364906 NA
"911" 36440000 NA 7.56157836830096 NA
"912" 36480000 NA 7.56205482965638 NA
"913" 36520000 NA 7.56253076886226 NA
"914" 36560000 NA 7.56300618706179 NA
"915" 36600000 NA 7.56348108539441 NA
"916" 36640000 NA 7.56395546499581 NA
"917" 36680000 NA 7.56442932699798 NA
"918" 36720000 NA 7.5649026725292 NA
"919" 36760000 NA 7.56537550271407 NA
"920" 36800000 NA 7.56584781867352 NA
"921" 36840000 NA 7.56631962152481 NA
"922" 36880000 NA 7.56679091238159 NA
"923" 36920000 NA 7.56726169235387 NA
"924" 36960000 NA 7.56773196254807 NA
"925" 37000000 NA 7.56820172406699 NA
"926" 37040000 NA 7.5686709780099 NA
"927" 37080000 NA 7.56913972547246 NA
"928" 37120000 NA 7.56960796754682 NA
"929" 37160000 NA 7.5700757053216 NA
"930" 37200000 NA 7.5705429398819 NA
"931" 37240000 NA 7.57100967230931 NA
"932" 37280000 NA 7.57147590368194 NA
"933" 37320000 NA 7.57194163507446 NA
"934" 37360000 NA 7.57240686755806 NA
"935" 37400000 NA 7.57287160220048 NA
"936" 37440000 NA 7.57333584006607 NA
"937" 37480000 NA 7.57379958221574 NA
"938" 37520000 NA 7.57426282970703 NA
"939" 37560000 NA 7.57472558359407 NA
"940" 37600000 NA 7.57518784492766 NA
"941" 37640000 NA 7.57564961475522 NA
"942" 37680000 NA 7.57611089412084 NA
"943" 37720000 NA 7.57657168406529 NA
"944" 37760000 NA 7.57703198562603 NA
"945" 37800000 NA 7.57749179983723 NA
"946" 37840000 NA 7.57795112772976 NA
"947" 37880000 NA 7.57840997033124 NA
"948" 37920000 NA 7.57886832866603 NA
"949" 37960000 NA 7.57932620375526 NA
"950" 38000000 NA 7.57978359661681 NA
"951" 38040000 NA 7.58024050826538 NA
"952" 38080000 NA 7.58069693971244 NA
"953" 38120000 NA 7.58115289196629 NA
"954" 38160000 NA 7.58160836603206 NA
"955" 38200000 NA 7.58206336291171 NA
"956" 38240000 NA 7.58251788360406 NA
"957" 38280000 NA 7.58297192910481 NA
"958" 38320000 NA 7.58342550040651 NA
"959" 38360000 NA 7.58387859849863 NA
"960" 38400000 NA 7.58433122436753 NA
"961" 38440000 NA 7.58478337899651 NA
"962" 38480000 NA 7.58523506336578 NA
"963" 38520000 NA 7.5856862784525 NA
"964" 38560000 NA 7.58613702523079 NA
"965" 38600000 NA 7.58658730467176 NA
"966" 38640000 NA 7.58703711774346 NA
"967" 38680000 NA 7.58748646541096 NA
