"realInteractionDistance" "loessExpectedValue" "loggendist" "loginteraction"
"1" 40000 2696.04864374495 4.60205999132796 0
"2" 80000 1769.54098489614 4.90308998699194 -0.182867097817124
"3" 120000 912.4567388876 5.07918124604763 -0.470515440755437
"4" 160000 698.079014610841 5.20411998265593 -0.586823141133423
"5" 200000 571.268540133129 5.30102999566398 -0.673887415698869
"6" 240000 482.698459500326 5.38021124171161 -0.747051810939172
"7" 280000 419.044370784252 5.44715803134222 -0.808467712785237
"8" 320000 367.934470363053 5.50514997831991 -0.864957246624392
"9" 360000 325.559422582589 5.55630250076729 -0.918097454200192
"10" 400000 284.250461561108 5.60205999132796 -0.977026545178037
"11" 440000 252.3199519571 5.64345267648619 -1.02877613044531
"12" 480000 232.405892939946 5.68124123737559 -1.06448058780477
"13" 520000 212.745194831733 5.7160033436348 -1.10286796406116
"14" 560000 195.348529310654 5.7481880270062 -1.139917577769
"15" 600000 179.415315921022 5.77815125038364 -1.17686820957849
"16" 640000 165.764955011031 5.80617997398389 -1.21123500364033
"17" 680000 148.435398360786 5.83250891270624 -1.25919024139702
"18" 720000 135.057549127191 5.85733249643127 -1.30020885937156
"19" 760000 124.422429410314 5.88081359228079 -1.33582904683151
"20" 800000 118.341068089298 5.90308998699194 -1.35759223904762
"21" 840000 112.649631220068 5.92427928606188 -1.37899794942162
"22" 880000 105.970386832407 5.94448267215017 -1.40554320405928
"23" 920000 100.20307927299 5.96378782734556 -1.42984665599245
"24" 960000 93.2695941916927 5.98227123303957 -1.46098763655093
"25" 1000000 86.3484638803526 6 -1.49447310776687
"26" 1040000 81.0987791690267 6.01703333929878 -1.5217134071863
"27" 1080000 78.8578543996166 6.03342375548695 -1.53388276732236
"28" 1120000 75.7000020611813 6.04921802267018 -1.55163183241327
"29" 1160000 71.0745169415951 6.06445798922692 -1.57901380705113
"30" 1200000 67.5153720175447 6.07918124604763 -1.60132505872463
"31" 1240000 65.7284314825436 6.09342168516223 -1.61297445516725
"32" 1280000 63.6417535262854 6.10720996964787 -1.62698558644872
"33" 1320000 61.0490936147774 6.12057393120585 -1.64504850330394
"34" 1360000 58.5751592720539 6.13353890837022 -1.6630142455752
"35" 1400000 55.9488868537896 6.14612803567824 -1.68293627341144
"36" 1440000 52.4596278988558 6.15836249209525 -1.71090251796536
"37" 1480000 50.5660578115859 6.17026171539496 -1.72686862688681
"38" 1520000 47.5553031999844 6.18184358794477 -1.75352876877278
"39" 1560000 45.1562715890684 6.19312459835446 -1.77600964733093
"40" 1600000 43.2358047391235 6.20411998265593 -1.79488417691788
"41" 1640000 41.6875396610556 6.2148438480477 -1.81072145929474
"42" 1680000 40.0346934107282 6.22530928172586 -1.8282912167486
"43" 1720000 38.2922481883494 6.23552844690755 -1.8476168586409
"44" 1760000 36.496132759168 6.24551266781415 -1.86848087600345
"45" 1800000 34.909936420486 6.25527250510331 -1.88777866587978
"46" 1840000 33.4556546535632 6.26481782300954 -1.90625819125223
"47" 1880000 32.3650145380203 6.27415784926368 -1.92065191730399
"48" 1920000 31.70367264589 6.28330122870355 -1.92961814866721
"49" 1960000 31.2676920730268 6.29225607135648 -1.93563189740244
"50" 2000000 29.2370136761512 6.30102999566398 -1.96479471284669
"51" 2040000 28.8768819312013 6.3096301674259 -1.97017742657147
"52" 2080000 28.8709738109725 6.31806333496276 -1.9702662909627
"53" 2120000 28.1748355951375 6.32633586092875 -1.9808663331936
"54" 2160000 27.2247028292514 6.33445375115093 -1.99576457581827
"55" 2200000 27.1459478752552 6.34242268082221 -1.99702271289849
"56" 2240000 26.6187711768742 6.35024801833416 -2.00553972081243
"57" 2280000 25.0776284786778 6.35793484700045 -2.03144125965479
"58" 2320000 23.4767900217653 6.3654879848909 -2.06008900812777
"59" 2360000 23.0717965913713 6.37291200297011 -2.06764630956676
"60" 2400000 22.5683756152896 6.38021124171161 -2.07722742237906
"61" 2440000 22.5151942785351 6.38738982633873 -2.07825202499415
"62" 2480000 21.6976648988682 6.39445168082622 -2.09431472611591
"63" 2520000 21.2896641946877 6.40140054078154 -2.10255891244311
"64" 2560000 19.7977435923932 6.40823996531185 -2.13411202848772
"65" 2600000 19.2414184766068 6.41497334797082 -2.1464906386845
"66" 2640000 19.3215526493541 6.42160392686983 -2.14468570104028
"67" 2680000 19.3290892048549 6.42813479402879 -2.14451633337387
"68" 2720000 18.585814952106 6.4345689040342 -2.16154611491455
"69" 2760000 17.8898045610636 6.44090908206522 -2.1781221276381
"70" 2800000 17.4426092173152 6.44715803134222 -2.18911627273345
"71" 2840000 17.2331723200744 6.45331834004704 -2.19436249305255
"72" 2880000 16.165385807514 6.45939248775923 -2.22214164967642
"73" 2920000 14.8587940158224 6.46538285144842 -2.25874416152301
"74" 2960000 14.0449425970148 6.47129171105894 -2.28320775519911
"75" 3000000 14.1639164231033 6.47712125471966 -2.27954436828243
"76" 3040000 14.1426962717087 6.48287358360875 -2.2801955091647
"77" 3080000 13.8177696444778 6.48855071650044 -2.29028977543732
"78" 3120000 13.4302144505076 6.49415459401844 -2.30264477630215
"79" 3160000 13.3908108103061 6.4996870826184 -2.30392084950605
"80" 3200000 13.2543635826173 6.50514997831991 -2.30836884411693
"81" 3240000 13.1727624198902 6.51054501020661 -2.31105086465265
"82" 3280000 13.3757616211854 6.51587384371168 -2.30440920344062
"83" 3320000 13.6689769471103 6.52113808370404 -2.29499171267108
"84" 3360000 13.3752259069256 6.52633927738984 -2.30442659777021
"85" 3400000 12.0085174132055 6.53147891704226 -2.35123833157361
"86" 3440000 11.2590742772309 6.53655844257153 -2.37922503951243
"87" 3480000 11.5887789597965 6.54157924394658 -2.36669004437177
"88" 3520000 11.7260751968537 6.54654266347813 -2.36157504884157
"89" 3560000 11.9306687766507 6.55144999797287 -2.35406293489892
"90" 3600000 11.0810399271099 6.55630250076729 -2.38614720401278
"91" 3640000 10.1133567504241 6.56110138364906 -2.42583239641396
"92" 3680000 9.92311024376383 6.56584781867352 -2.43407990743161
"93" 3720000 9.99625319857626 6.5705429398819 -2.43089047574863
"94" 3760000 10.2405800306704 6.57518784492766 -2.42040316778365
"95" 3800000 10.0615121189965 6.57978359661681 -2.42806446910338
"96" 3840000 10.1955800480638 6.58433122436753 -2.42231578499188
"97" 3880000 10.1342289319207 6.58883172559421 -2.42493701297395
"98" 3920000 10.1826561350044 6.59328606702046 -2.42286664570705
"99" 3960000 9.68862997168146 6.59769518592551 -2.44446535409786
"100" 4000000 9.50627306495412 6.60205999132796 -2.4527174386167
"101" 4040000 9.48545596994505 6.6063813651106 -2.45366951128957
"102" 4080000 9.41147483948287 6.61066016308988 -2.45707003820066
"103" 4120000 9.2435689109146 6.61489721603313 -2.46488804049872
"104" 4160000 9.59655377455032 6.61909333062674 -2.44861242251141
"105" 4200000 9.97984420203008 6.6232492903979 -2.43160396228341
"106" 4240000 9.92613813595647 6.62736585659273 -2.43394740902602
"107" 4280000 9.29540062883479 6.63144376901317 -2.46245961127197
"108" 4320000 9.18631192958178 6.63548374681491 -2.46758653554179
"109" 4360000 8.99132319994975 6.63948648926859 -2.47690411474715
"110" 4400000 9.78317222342951 6.64345267648619 -2.44024802480479
"111" 4440000 9.96525199250275 6.64738297011462 -2.43223943850728
"112" 4480000 9.46381808415073 6.65127801399814 -2.45466134015416
"113" 4520000 8.03403383721939 6.65513843481138 -2.52579406720578
"114" 4560000 8.38533182802163 6.65896484266444 -2.50720747036494
"115" 4600000 9.16476762139887 6.66275783168157 -2.46860626611763
"116" 4640000 9.61578986465741 6.66651798055488 -2.44774275968054
"117" 4680000 9.07911734981648 6.67024585307412 -2.47268409424123
"118" 4720000 8.54829469267778 6.67394199863409 -2.49884823818303
"119" 4760000 7.77508263498124 6.67760695272049 -2.54002271025492
"120" 4800000 7.8427627689808 6.68124123737559 -2.53625864524254
"121" 4840000 7.69761913079731 6.68484536164441 -2.54437130483192
"122" 4880000 7.43170582735883 6.68841982200271 -2.55963921329151
"123" 4920000 7.49082752650287 6.69196510276736 -2.55619792602004
"124" 4960000 6.9630680169857 6.6954816764902 -2.58792708624528
"125" 5000000 7.49992697650452 6.69897000433602 -2.55567068886081
"126" 5040000 NA 6.70243053644553 NA
"127" 5080000 NA 6.70586371228392 NA
"128" 5120000 NA 6.70926996097583 NA
"129" 5160000 NA 6.71264970162721 NA
"130" 5200000 NA 6.7160033436348 NA
"131" 5240000 NA 6.71933128698373 NA
"132" 5280000 NA 6.72263392253381 NA
"133" 5320000 NA 6.72591163229505 NA
"134" 5360000 NA 6.72916478969277 NA
"135" 5400000 NA 6.73239375982297 NA
"136" 5440000 NA 6.73559889969818 NA
"137" 5480000 NA 6.73878055848437 NA
"138" 5520000 NA 6.7419390777292 NA
"139" 5560000 NA 6.74507479158206 NA
"140" 5600000 NA 6.7481880270062 NA
"141" 5640000 NA 6.75127910398334 NA
"142" 5680000 NA 6.75434833571102 NA
"143" 5720000 NA 6.75739602879302 NA
"144" 5760000 6.40127444461358 6.76042248342321 -2.62446127644795
"145" 5800000 6.46793116648196 6.76342799356294 -2.61996233436186
"146" 5840000 6.58342318350189 6.7664128471124 -2.61227595122988
"147" 5880000 NA 6.76937732607614 NA
"148" 5920000 NA 6.77232170672292 NA
"149" 5960000 NA 6.77524625974024 NA
"150" 6000000 NA 6.77815125038364 NA
"151" 6040000 NA 6.78103693862113 NA
"152" 6080000 NA 6.78390357927274 NA
"153" 6120000 NA 6.78675142214556 NA
"154" 6160000 NA 6.78958071216443 NA
"155" 6200000 6.10276013524187 6.79239168949825 -2.64520142309006
"156" 6240000 NA 6.79518458968242 NA
"157" 6280000 NA 6.7979596437372 NA
"158" 6320000 NA 6.80071707828238 NA
"159" 6360000 NA 6.80345711564841 NA
"160" 6400000 NA 6.80617997398389 NA
"161" 6440000 NA 6.80888586735981 NA
"162" 6480000 NA 6.81157500587059 NA
"163" 6520000 NA 6.81424759573192 NA
"164" 6560000 NA 6.81690383937566 NA
"165" 6600000 NA 6.81954393554187 NA
"166" 6640000 NA 6.82216807936802 NA
"167" 6680000 NA 6.82477646247555 NA
"168" 6720000 NA 6.82736927305382 NA
"169" 6760000 NA 6.82994669594164 NA
"170" 6800000 NA 6.83250891270624 NA
"171" 6840000 NA 6.83505610172012 NA
"172" 6880000 NA 6.83758843823551 NA
"173" 6920000 NA 6.84010609445676 NA
"174" 6960000 NA 6.84260923961056 NA
"175" 7000000 NA 6.84509804001426 NA
"176" 7040000 NA 6.84757265914211 NA
"177" 7080000 NA 6.85003325768977 NA
"178" 7120000 NA 6.85247999363686 NA
"179" 7160000 NA 6.85491302230786 NA
"180" 7200000 NA 6.85733249643127 NA
"181" 7240000 NA 6.85973856619715 NA
"182" 7280000 NA 6.86213137931304 NA
"183" 7320000 NA 6.86451108105839 NA
"184" 7360000 NA 6.8668778143375 NA
"185" 7400000 NA 6.86923171973098 NA
"186" 7440000 NA 6.87157293554588 NA
"187" 7480000 NA 6.87390159786446 NA
"188" 7520000 NA 6.87621784059164 NA
"189" 7560000 NA 6.87852179550121 NA
"190" 7600000 NA 6.88081359228079 NA
"191" 7640000 NA 6.88309335857569 NA
"192" 7680000 NA 6.88536122003151 NA
"193" 7720000 NA 6.88761730033574 NA
"194" 7760000 NA 6.88986172125819 NA
"195" 7800000 NA 6.89209460269048 NA
"196" 7840000 NA 6.89431606268444 NA
"197" 7880000 NA 6.89652621748955 NA
"198" 7920000 NA 6.89872518158949 NA
"199" 7960000 NA 6.90091306773767 NA
"200" 8000000 NA 6.90308998699194 NA
"201" 8040000 NA 6.90525604874845 NA
"202" 8080000 NA 6.90741136077459 NA
"203" 8120000 NA 6.90955602924118 NA
"204" 8160000 NA 6.91169015875386 NA
"205" 8200000 NA 6.91381385238372 NA
"206" 8240000 NA 6.91592721169712 NA
"207" 8280000 NA 6.91803033678488 NA
"208" 8320000 NA 6.92012332629072 NA
"209" 8360000 NA 6.92220627743902 NA
"210" 8400000 NA 6.92427928606188 NA
"211" 8440000 NA 6.92634244662565 NA
"212" 8480000 NA 6.92839585225671 NA
"213" 8520000 NA 6.9304395947667 NA
"214" 8560000 NA 6.93247376467715 NA
"215" 8600000 NA 6.93449845124357 NA
"216" 8640000 NA 6.93651374247889 NA
"217" 8680000 NA 6.93851972517649 NA
"218" 8720000 NA 6.94051648493257 NA
"219" 8760000 NA 6.94250410616808 NA
"220" 8800000 NA 6.94448267215017 NA
"221" 8840000 NA 6.94645226501307 NA
"222" 8880000 NA 6.9484129657786 NA
"223" 8920000 NA 6.95036485437612 NA
"224" 8960000 NA 6.95230800966212 NA
"225" 9000000 NA 6.95424250943933 NA
"226" 9040000 NA 6.95616843047536 NA
"227" 9080000 NA 6.95808584852109 NA
"228" 9120000 NA 6.95999483832842 NA
"229" 9160000 NA 6.96189547366785 NA
"230" 9200000 NA 6.96378782734556 NA
"231" 9240000 NA 6.96567197122011 NA
"232" 9280000 NA 6.96754797621886 NA
"233" 9320000 NA 6.96941591235398 NA
"234" 9360000 NA 6.97127584873811 NA
"235" 9400000 NA 6.9731278535997 NA
"236" 9440000 NA 6.97497199429807 NA
"237" 9480000 NA 6.97680833733807 NA
"238" 9520000 NA 6.97863694838447 NA
"239" 9560000 NA 6.9804578922761 NA
"240" 9600000 NA 6.98227123303957 NA
"241" 9640000 NA 6.98407703390283 NA
"242" 9680000 NA 6.98587535730839 NA
"243" 9720000 NA 6.98766626492627 NA
"244" 9760000 NA 6.98944981766669 NA
"245" 9800000 NA 6.9912260756925 NA
"246" 9840000 NA 6.99299509843134 NA
"247" 9880000 NA 6.99475694458763 NA
"248" 9920000 NA 6.99651167215418 NA
"249" 9960000 NA 6.9982593384237 NA
"250" 10000000 NA 7 NA
"251" 10040000 NA 7.001733712809 NA
"252" 10080000 NA 7.00346053210951 NA
"253" 10120000 NA 7.00518051250378 NA
"254" 10160000 NA 7.0068937079479 NA
"255" 10200000 NA 7.00860017176192 NA
"256" 10240000 NA 7.01029995663981 NA
"257" 10280000 NA 7.01199311465926 NA
"258" 10320000 NA 7.01367969729119 NA
"259" 10360000 NA 7.01535975540921 NA
"260" 10400000 NA 7.01703333929878 NA
"261" 10440000 NA 7.01870049866624 NA
"262" 10480000 NA 7.02036128264771 NA
"263" 10520000 NA 7.02201573981772 NA
"264" 10560000 NA 7.02366391819779 NA
"265" 10600000 NA 7.02530586526477 NA
"266" 10640000 NA 7.02694162795903 NA
"267" 10680000 NA 7.02857125269254 NA
"268" 10720000 NA 7.03019478535675 NA
"269" 10760000 NA 7.03181227133037 NA
"270" 10800000 NA 7.03342375548695 NA
"271" 10840000 NA 7.03502928220237 NA
"272" 10880000 NA 7.03662889536216 NA
"273" 10920000 NA 7.03822263836872 NA
"274" 10960000 NA 7.03981055414835 NA
"275" 11000000 NA 7.04139268515823 NA
"276" 11040000 NA 7.04296907339318 NA
"277" 11080000 NA 7.04453976039241 NA
"278" 11120000 NA 7.04610478724604 NA
"279" 11160000 NA 7.04766419460156 NA
"280" 11200000 NA 7.04921802267018 NA
"281" 11240000 NA 7.05076631123304 NA
"282" 11280000 NA 7.05230909964732 NA
"283" 11320000 NA 7.05384642685225 NA
"284" 11360000 NA 7.055378331375 NA
"285" 11400000 NA 7.05690485133647 NA
"286" 11440000 NA 7.05842602445701 NA
"287" 11480000 NA 7.05994188806195 NA
"288" 11520000 NA 7.06145247908719 NA
"289" 11560000 NA 7.06295783408451 NA
"290" 11600000 NA 7.06445798922692 NA
"291" 11640000 NA 7.06595298031387 NA
"292" 11680000 NA 7.06744284277638 NA
"293" 11720000 NA 7.06892761168207 NA
"294" 11760000 NA 7.07040732174012 NA
"295" 11800000 NA 7.07188200730613 NA
"296" 11840000 NA 7.0733517023869 NA
"297" 11880000 NA 7.07481644064517 NA
"298" 11920000 NA 7.07627625540422 NA
"299" 11960000 NA 7.07773117965239 NA
"300" 12000000 NA 7.07918124604763 NA
"301" 12040000 NA 7.08062648692181 NA
"302" 12080000 NA 7.08206693428511 NA
"303" 12120000 NA 7.08350261983027 NA
"304" 12160000 NA 7.08493357493672 NA
"305" 12200000 NA 7.08635983067475 NA
"306" 12240000 NA 7.08778141780954 NA
"307" 12280000 NA 7.08919836680515 NA
"308" 12320000 NA 7.09061070782841 NA
"309" 12360000 NA 7.0920184707528 NA
"310" 12400000 NA 7.09342168516223 NA
"311" 12440000 NA 7.0948203803548 NA
"312" 12480000 NA 7.0962145853464 NA
"313" 12520000 NA 7.09760432887441 NA
"314" 12560000 NA 7.09898963940118 NA
"315" 12600000 NA 7.10037054511756 NA
"316" 12640000 NA 7.10174707394637 NA
"317" 12680000 NA 7.10311925354571 NA
"318" 12720000 NA 7.10448711131239 NA
"319" 12760000 NA 7.10585067438514 NA
"320" 12800000 NA 7.10720996964787 NA
"321" 12840000 NA 7.10856502373283 NA
"322" 12880000 NA 7.10991586302379 NA
"323" 12920000 NA 7.11126251365907 NA
"324" 12960000 NA 7.11260500153457 NA
"325" 13000000 NA 7.11394335230684 NA
"326" 13040000 NA 7.1152775913959 NA
"327" 13080000 NA 7.11660774398825 NA
"328" 13120000 NA 7.11793383503964 NA
"329" 13160000 NA 7.11925588927794 NA
"330" 13200000 NA 7.12057393120585 NA
"331" 13240000 NA 7.12188798510368 NA
"332" 13280000 NA 7.123198075032 NA
"333" 13320000 NA 7.12450422483428 NA
"334" 13360000 NA 7.12580645813953 NA
"335" 13400000 NA 7.12710479836481 NA
"336" 13440000 NA 7.12839926871781 NA
"337" 13480000 NA 7.1296898921993 NA
"338" 13520000 NA 7.13097669160562 NA
"339" 13560000 NA 7.13225968953104 NA
"340" 13600000 NA 7.13353890837022 NA
"341" 13640000 NA 7.13481437032046 NA
"342" 13680000 NA 7.1360860973841 NA
"343" 13720000 NA 7.13735411137073 NA
"344" 13760000 NA 7.13861843389949 NA
"345" 13800000 NA 7.13987908640124 NA
"346" 13840000 NA 7.14113609012074 NA
"347" 13880000 NA 7.14238946611884 NA
"348" 13920000 NA 7.14363923527454 NA
"349" 13960000 NA 7.14488541828714 NA
"350" 14000000 NA 7.14612803567824 NA
"351" 14040000 NA 7.14736710779379 NA
"352" 14080000 NA 7.14860265480609 NA
"353" 14120000 NA 7.14983469671578 NA
"354" 14160000 NA 7.15106325335375 NA
"355" 14200000 NA 7.15228834438306 NA
"356" 14240000 NA 7.15350998930084 NA
"357" 14280000 NA 7.15472820744016 NA
"358" 14320000 NA 7.15594301797184 NA
"359" 14360000 NA 7.15715443990628 NA
"360" 14400000 NA 7.15836249209525 NA
"361" 14440000 NA 7.15956719323362 NA
"362" 14480000 NA 7.16076856186113 NA
"363" 14520000 NA 7.16196661636407 NA
"364" 14560000 NA 7.16316137497702 NA
"365" 14600000 NA 7.16435285578444 NA
"366" 14640000 NA 7.16554107672237 NA
"367" 14680000 NA 7.16672605558005 NA
"368" 14720000 NA 7.16790781000148 NA
"369" 14760000 NA 7.16908635748702 NA
"370" 14800000 NA 7.17026171539496 NA
"371" 14840000 NA 7.17143390094301 NA
"372" 14880000 NA 7.17260293120986 NA
"373" 14920000 NA 7.17376882313665 NA
"374" 14960000 NA 7.17493159352844 NA
"375" 15000000 NA 7.17609125905568 NA
"376" 15040000 NA 7.17724783625562 NA
"377" 15080000 NA 7.17840134153376 NA
"378" 15120000 NA 7.17955179116519 NA
"379" 15160000 NA 7.18069920129603 NA
"380" 15200000 NA 7.18184358794477 NA
"381" 15240000 NA 7.18298496700358 NA
"382" 15280000 NA 7.18412335423967 NA
"383" 15320000 NA 7.18525876529659 NA
"384" 15360000 NA 7.18639121569549 NA
"385" 15400000 NA 7.18752072083646 NA
"386" 15440000 NA 7.18864729599972 NA
"387" 15480000 NA 7.18977095634687 NA
"388" 15520000 NA 7.19089171692217 NA
"389" 15560000 NA 7.19200959265367 NA
"390" 15600000 NA 7.19312459835446 NA
"391" 15640000 NA 7.19423674872383 NA
"392" 15680000 NA 7.19534605834842 NA
"393" 15720000 NA 7.19645254170339 NA
"394" 15760000 NA 7.19755621315354 NA
"395" 15800000 NA 7.19865708695442 NA
"396" 15840000 NA 7.19975517725347 NA
"397" 15880000 NA 7.20085049809108 NA
"398" 15920000 NA 7.20194306340165 NA
"399" 15960000 NA 7.20303288701471 NA
"400" 16000000 NA 7.20411998265593 NA
"401" 16040000 NA 7.20520436394814 NA
"402" 16080000 NA 7.20628604441243 NA
"403" 16120000 NA 7.20736503746907 NA
"404" 16160000 NA 7.20844135643857 NA
"405" 16200000 NA 7.20951501454263 NA
"406" 16240000 NA 7.21058602490516 NA
"407" 16280000 NA 7.21165440055318 NA
"408" 16320000 NA 7.21272015441784 NA
"409" 16360000 NA 7.2137832993353 NA
"410" 16400000 NA 7.2148438480477 NA
"411" 16440000 NA 7.21590181320403 NA
"412" 16480000 NA 7.2169572073611 NA
"413" 16520000 NA 7.21801004298436 NA
"414" 16560000 NA 7.21906033244886 NA
"415" 16600000 NA 7.22010808804005 NA
"416" 16640000 NA 7.2211533219547 NA
"417" 16680000 NA 7.22219604630172 NA
"418" 16720000 NA 7.223236273103 NA
"419" 16760000 NA 7.22427401429426 NA
"420" 16800000 NA 7.22530928172586 NA
"421" 16840000 NA 7.22634208716363 NA
"422" 16880000 NA 7.22737244228964 NA
"423" 16920000 NA 7.228400358703 NA
"424" 16960000 NA 7.2294258479207 NA
"425" 17000000 NA 7.23044892137827 NA
"426" 17040000 NA 7.23146959043068 NA
"427" 17080000 NA 7.23248786635299 NA
"428" 17120000 NA 7.23350376034113 NA
"429" 17160000 NA 7.23451728351269 NA
"430" 17200000 NA 7.23552844690755 NA
"431" 17240000 NA 7.23653726148869 NA
"432" 17280000 NA 7.23754373814287 NA
"433" 17320000 NA 7.23854788768133 NA
"434" 17360000 NA 7.23954972084047 NA
"435" 17400000 NA 7.2405492482826 NA
"436" 17440000 NA 7.24154648059655 NA
"437" 17480000 NA 7.24254142829838 NA
"438" 17520000 NA 7.24353410183206 NA
"439" 17560000 NA 7.24452451157008 NA
"440" 17600000 NA 7.24551266781415 NA
"441" 17640000 NA 7.2464985807958 NA
"442" 17680000 NA 7.24748226067705 NA
"443" 17720000 NA 7.24846371755103 NA
"444" 17760000 NA 7.24944296144258 NA
"445" 17800000 NA 7.25042000230889 NA
"446" 17840000 NA 7.2513948500401 NA
"447" 17880000 NA 7.2523675144599 NA
"448" 17920000 NA 7.25333800532611 NA
"449" 17960000 NA 7.25430633233129 NA
"450" 18000000 NA 7.25527250510331 NA
"451" 18040000 NA 7.25623653320592 NA
"452" 18080000 NA 7.25719842613934 NA
"453" 18120000 NA 7.25815819334079 NA
"454" 18160000 NA 7.25911584418507 NA
"455" 18200000 NA 7.26007138798508 NA
"456" 18240000 NA 7.2610248339924 NA
"457" 18280000 NA 7.26197619139781 NA
"458" 18320000 NA 7.26292546933183 NA
"459" 18360000 NA 7.26387267686522 NA
"460" 18400000 NA 7.26481782300954 NA
"461" 18440000 NA 7.26576091671761 NA
"462" 18480000 NA 7.26670196688409 NA
"463" 18520000 NA 7.26764098234592 NA
"464" 18560000 NA 7.26857797188284 NA
"465" 18600000 NA 7.26951294421792 NA
"466" 18640000 NA 7.27044590801796 NA
"467" 18680000 NA 7.27137687189407 NA
"468" 18720000 NA 7.27230584440209 NA
"469" 18760000 NA 7.27323283404305 NA
"470" 18800000 NA 7.27415784926368 NA
"471" 18840000 NA 7.27508089845686 NA
"472" 18880000 NA 7.27600198996205 NA
"473" 18920000 NA 7.27692113206577 NA
"474" 18960000 NA 7.27783833300205 NA
"475" 19000000 NA 7.27875360095283 NA
"476" 19040000 NA 7.27966694404846 NA
"477" 19080000 NA 7.28057837036808 NA
"478" 19120000 NA 7.28148788794008 NA
"479" 19160000 NA 7.28239550474253 NA
"480" 19200000 NA 7.28330122870355 NA
"481" 19240000 NA 7.28420506770179 NA
"482" 19280000 NA 7.28510702956681 NA
"483" 19320000 NA 7.28600712207947 NA
"484" 19360000 NA 7.28690535297237 NA
"485" 19400000 NA 7.28780172993023 NA
"486" 19440000 NA 7.28869626059026 NA
"487" 19480000 NA 7.2895889525426 NA
"488" 19520000 NA 7.29047981333067 NA
"489" 19560000 NA 7.29136885045158 NA
"490" 19600000 NA 7.29225607135648 NA
"491" 19640000 NA 7.29314148345093 NA
"492" 19680000 NA 7.29402509409532 NA
"493" 19720000 NA 7.29490691060519 NA
"494" 19760000 NA 7.29578694025161 NA
"495" 19800000 NA 7.29666519026153 NA
"496" 19840000 NA 7.29754166781816 NA
"497" 19880000 NA 7.29841638006129 NA
"498" 19920000 NA 7.29928933408768 NA
"499" 19960000 NA 7.30016053695135 NA
"500" 20000000 NA 7.30102999566398 NA
"501" 20040000 NA 7.30189771719521 NA
"502" 20080000 NA 7.30276370847298 NA
"503" 20120000 NA 7.30362797638389 NA
"504" 20160000 NA 7.30449052777349 NA
"505" 20200000 NA 7.30535136944662 NA
"506" 20240000 NA 7.30621050816776 NA
"507" 20280000 NA 7.3070679506613 NA
"508" 20320000 NA 7.30792370361188 NA
"509" 20360000 NA 7.30877777366472 NA
"510" 20400000 NA 7.3096301674259 NA
"511" 20440000 NA 7.31048089146268 NA
"512" 20480000 NA 7.31132995230379 NA
"513" 20520000 NA 7.31217735643978 NA
"514" 20560000 NA 7.31302311032324 NA
"515" 20600000 NA 7.31386722036915 NA
"516" 20640000 NA 7.31470969295517 NA
"517" 20680000 NA 7.3155505344219 NA
"518" 20720000 NA 7.3163897510732 NA
"519" 20760000 NA 7.31722734917642 NA
"520" 20800000 NA 7.31806333496276 NA
"521" 20840000 NA 7.31889771462749 NA
"522" 20880000 NA 7.31973049433022 NA
"523" 20920000 NA 7.32056168019524 NA
"524" 20960000 NA 7.32139127831169 NA
"525" 21000000 NA 7.32221929473392 NA
"526" 21040000 NA 7.3230457354817 NA
"527" 21080000 NA 7.32387060654051 NA
"528" 21120000 NA 7.32469391386177 NA
"529" 21160000 NA 7.32551566336315 NA
"530" 21200000 NA 7.32633586092875 NA
"531" 21240000 NA 7.32715451240943 NA
"532" 21280000 NA 7.32797162362301 NA
"533" 21320000 NA 7.32878720035453 NA
"534" 21360000 NA 7.32960124835652 NA
"535" 21400000 NA 7.33041377334919 NA
"536" 21440000 NA 7.33122478102073 NA
"537" 21480000 NA 7.33203427702752 NA
"538" 21520000 NA 7.33284226699435 NA
"539" 21560000 NA 7.3336487565147 NA
"540" 21600000 NA 7.33445375115093 NA
"541" 21640000 NA 7.33525725643453 NA
"542" 21680000 NA 7.33605927786635 NA
"543" 21720000 NA 7.33685982091681 NA
"544" 21760000 NA 7.33765889102614 NA
"545" 21800000 NA 7.33845649360461 NA
"546" 21840000 NA 7.3392526340327 NA
"547" 21880000 NA 7.34004731766139 NA
"548" 21920000 NA 7.34084054981233 NA
"549" 21960000 NA 7.34163233577805 NA
"550" 22000000 NA 7.34242268082221 NA
"551" 22040000 NA 7.34321159017975 NA
"552" 22080000 NA 7.34399906905716 NA
"553" 22120000 NA 7.34478512263266 NA
"554" 22160000 NA 7.34556975605639 NA
"555" 22200000 NA 7.34635297445064 NA
"556" 22240000 NA 7.34713478291002 NA
"557" 22280000 NA 7.34791518650169 NA
"558" 22320000 NA 7.34869419026554 NA
"559" 22360000 NA 7.34947179921439 NA
"560" 22400000 NA 7.35024801833416 NA
"561" 22440000 NA 7.35102285258412 NA
"562" 22480000 NA 7.35179630689702 NA
"563" 22520000 NA 7.35256838617931 NA
"564" 22560000 NA 7.3533390953113 NA
"565" 22600000 NA 7.3541084391474 NA
"566" 22640000 NA 7.35487642251623 NA
"567" 22680000 NA 7.35564305022087 NA
"568" 22720000 NA 7.35640832703898 NA
"569" 22760000 NA 7.35717225772303 NA
"570" 22800000 NA 7.35793484700045 NA
"571" 22840000 NA 7.35869609957381 NA
"572" 22880000 NA 7.35945602012099 NA
"573" 22920000 NA 7.36021461329535 NA
"574" 22960000 NA 7.36097188372594 NA
"575" 23000000 NA 7.36172783601759 NA
"576" 23040000 NA 7.36248247475117 NA
"577" 23080000 NA 7.36323580448369 NA
"578" 23120000 NA 7.36398782974849 NA
"579" 23160000 NA 7.3647385550554 NA
"580" 23200000 NA 7.3654879848909 NA
"581" 23240000 NA 7.36623612371829 NA
"582" 23280000 NA 7.36698297597785 NA
"583" 23320000 NA 7.36772854608698 NA
"584" 23360000 NA 7.36847283844036 NA
"585" 23400000 NA 7.36921585741014 NA
"586" 23440000 NA 7.36995760734605 NA
"587" 23480000 NA 7.37069809257558 NA
"588" 23520000 NA 7.3714373174041 NA
"589" 23560000 NA 7.37217528611506 NA
"590" 23600000 NA 7.37291200297011 NA
"591" 23640000 NA 7.37364747220922 NA
"592" 23680000 NA 7.37438169805088 NA
"593" 23720000 NA 7.37511468469222 NA
"594" 23760000 NA 7.37584643630916 NA
"595" 23800000 NA 7.37657695705651 NA
"596" 23840000 NA 7.3773062510682 NA
"597" 23880000 NA 7.37803432245733 NA
"598" 23920000 NA 7.37876117531637 NA
"599" 23960000 NA 7.37948681371727 NA
"600" 24000000 NA 7.38021124171161 NA
"601" 24040000 NA 7.3809344633307 NA
"602" 24080000 NA 7.38165648258579 NA
"603" 24120000 NA 7.38237730346811 NA
"604" 24160000 NA 7.38309692994909 NA
"605" 24200000 NA 7.38381536598043 NA
"606" 24240000 NA 7.38453261549425 NA
"607" 24280000 NA 7.38524868240322 NA
"608" 24320000 NA 7.3859635706007 NA
"609" 24360000 NA 7.38667728396084 NA
"610" 24400000 NA 7.38738982633873 NA
"611" 24440000 NA 7.38810120157052 NA
"612" 24480000 NA 7.38881141347352 NA
"613" 24520000 NA 7.38952046584638 NA
"614" 24560000 NA 7.39022836246913 NA
"615" 24600000 NA 7.39093510710338 NA
"616" 24640000 NA 7.39164070349239 NA
"617" 24680000 NA 7.3923451553612 NA
"618" 24720000 NA 7.39304846641678 NA
"619" 24760000 NA 7.39375064034808 NA
"620" 24800000 NA 7.39445168082622 NA
"621" 24840000 NA 7.39515159150454 NA
"622" 24880000 NA 7.39585037601878 NA
"623" 24920000 NA 7.39654803798713 NA
"624" 24960000 NA 7.39724458101039 NA
"625" 25000000 NA 7.39794000867204 NA
"626" 25040000 NA 7.39863432453839 NA
"627" 25080000 NA 7.39932753215868 NA
"628" 25120000 NA 7.40001963506516 NA
"629" 25160000 NA 7.40071063677323 NA
"630" 25200000 NA 7.40140054078154 NA
"631" 25240000 NA 7.4020893505721 NA
"632" 25280000 NA 7.40277706961035 NA
"633" 25320000 NA 7.40346370134532 NA
"634" 25360000 NA 7.40414924920969 NA
"635" 25400000 NA 7.40483371661994 NA
"636" 25440000 NA 7.40551710697638 NA
"637" 25480000 NA 7.40619942366331 NA
"638" 25520000 NA 7.40688067004912 NA
"639" 25560000 NA 7.40756084948636 NA
"640" 25600000 NA 7.40823996531185 NA
"641" 25640000 NA 7.40891802084678 NA
"642" 25680000 NA 7.40959501939682 NA
"643" 25720000 NA 7.41027096425218 NA
"644" 25760000 NA 7.41094585868777 NA
"645" 25800000 NA 7.41161970596323 NA
"646" 25840000 NA 7.41229250932305 NA
"647" 25880000 NA 7.41296427199666 NA
"648" 25920000 NA 7.41363499719856 NA
"649" 25960000 NA 7.41430468812833 NA
"650" 26000000 NA 7.41497334797082 NA
"651" 26040000 NA 7.41564097989615 NA
"652" 26080000 NA 7.41630758705988 NA
"653" 26120000 NA 7.41697317260304 NA
"654" 26160000 NA 7.41763773965223 NA
"655" 26200000 NA 7.41830129131975 NA
"656" 26240000 NA 7.41896383070362 NA
"657" 26280000 NA 7.41962536088774 NA
"658" 26320000 NA 7.42028588494192 NA
"659" 26360000 NA 7.42094540592197 NA
"660" 26400000 NA 7.42160392686983 NA
"661" 26440000 NA 7.4222614508136 NA
"662" 26480000 NA 7.42291798076766 NA
"663" 26520000 NA 7.42357351973274 NA
"664" 26560000 NA 7.42422807069598 NA
"665" 26600000 NA 7.42488163663107 NA
"666" 26640000 NA 7.42553422049826 NA
"667" 26680000 NA 7.42618582524451 NA
"668" 26720000 NA 7.42683645380351 NA
"669" 26760000 NA 7.42748610909579 NA
"670" 26800000 NA 7.42813479402879 NA
"671" 26840000 NA 7.42878251149695 NA
"672" 26880000 NA 7.42942926438179 NA
"673" 26920000 NA 7.43007505555194 NA
"674" 26960000 NA 7.43071988786328 NA
"675" 27000000 NA 7.43136376415899 NA
"676" 27040000 NA 7.4320066872696 NA
"677" 27080000 NA 7.43264866001311 NA
"678" 27120000 NA 7.43328968519503 NA
"679" 27160000 NA 7.43392976560846 NA
"680" 27200000 NA 7.4345689040342 NA
"681" 27240000 NA 7.43520710324075 NA
"682" 27280000 NA 7.43584436598444 NA
"683" 27320000 NA 7.43648069500949 NA
"684" 27360000 NA 7.43711609304808 NA
"685" 27400000 NA 7.43775056282039 NA
"686" 27440000 NA 7.43838410703471 NA
"687" 27480000 NA 7.43901672838751 NA
"688" 27520000 NA 7.43964842956347 NA
"689" 27560000 NA 7.44027921323559 NA
"690" 27600000 NA 7.44090908206522 NA
"691" 27640000 NA 7.44153803870216 NA
"692" 27680000 NA 7.44216608578472 NA
"693" 27720000 NA 7.44279322593977 NA
"694" 27760000 NA 7.44341946178282 NA
"695" 27800000 NA 7.44404479591808 NA
"696" 27840000 NA 7.44466923093852 NA
"697" 27880000 NA 7.44529276942597 NA
"698" 27920000 NA 7.44591541395112 NA
"699" 27960000 NA 7.44653716707364 NA
"700" 28000000 NA 7.44715803134222 NA
"701" 28040000 NA 7.44777800929462 NA
"702" 28080000 NA 7.44839710345777 NA
"703" 28120000 NA 7.44901531634779 NA
"704" 28160000 NA 7.44963265047007 NA
"705" 28200000 NA 7.45024910831936 NA
"706" 28240000 NA 7.45086469237977 NA
"707" 28280000 NA 7.45147940512486 NA
"708" 28320000 NA 7.45209324901773 NA
"709" 28360000 NA 7.45270622651103 NA
"710" 28400000 NA 7.45331834004704 NA
"711" 28440000 NA 7.45392959205773 NA
"712" 28480000 NA 7.45453998496482 NA
"713" 28520000 NA 7.45514952117983 NA
"714" 28560000 NA 7.45575820310414 NA
"715" 28600000 NA 7.45636603312904 NA
"716" 28640000 NA 7.45697301363582 NA
"717" 28680000 NA 7.45757914699576 NA
"718" 28720000 NA 7.45818443557026 NA
"719" 28760000 NA 7.45878888171084 NA
"720" 28800000 NA 7.45939248775923 NA
"721" 28840000 NA 7.45999525604739 NA
"722" 28880000 NA 7.4605971888976 NA
"723" 28920000 NA 7.46119828862249 NA
"724" 28960000 NA 7.46179855752511 NA
"725" 29000000 NA 7.46239799789896 NA
"726" 29040000 NA 7.46299661202806 NA
"727" 29080000 NA 7.463594402187 NA
"728" 29120000 NA 7.464191370641 NA
"729" 29160000 NA 7.46478751964594 NA
"730" 29200000 NA 7.46538285144842 NA
"731" 29240000 NA 7.46597736828582 NA
"732" 29280000 NA 7.46657107238635 NA
"733" 29320000 NA 7.46716396596909 NA
"734" 29360000 NA 7.46775605124403 NA
"735" 29400000 NA 7.46834733041216 NA
"736" 29440000 NA 7.46893780566546 NA
"737" 29480000 NA 7.46952747918701 NA
"738" 29520000 NA 7.470116353151 NA
"739" 29560000 NA 7.47070442972279 NA
"740" 29600000 NA 7.47129171105894 NA
"741" 29640000 NA 7.47187819930729 NA
"742" 29680000 NA 7.47246389660699 NA
"743" 29720000 NA 7.47304880508854 NA
"744" 29760000 NA 7.47363292687384 NA
"745" 29800000 NA 7.47421626407626 NA
"746" 29840000 NA 7.47479881880063 NA
"747" 29880000 NA 7.47538059314336 NA
"748" 29920000 NA 7.47596158919242 NA
"749" 29960000 NA 7.47654180902743 NA
"750" 30000000 NA 7.47712125471966 NA
"751" 30040000 NA 7.47769992833213 NA
"752" 30080000 NA 7.4782778319196 NA
"753" 30120000 NA 7.47885496752866 NA
"754" 30160000 NA 7.47943133719774 NA
"755" 30200000 NA 7.48000694295715 NA
"756" 30240000 NA 7.48058178682917 NA
"757" 30280000 NA 7.48115587082803 NA
"758" 30320000 NA 7.48172919696002 NA
"759" 30360000 NA 7.48230176722344 NA
"760" 30400000 NA 7.48287358360875 NA
"761" 30440000 NA 7.48344464809854 NA
"762" 30480000 NA 7.48401496266756 NA
"763" 30520000 NA 7.48458452928284 NA
"764" 30560000 NA 7.48515334990365 NA
"765" 30600000 NA 7.48572142648158 NA
"766" 30640000 NA 7.48628876096057 NA
"767" 30680000 NA 7.48685535527694 NA
"768" 30720000 NA 7.48742121135947 NA
"769" 30760000 NA 7.48798633112939 NA
"770" 30800000 NA 7.48855071650044 NA
"771" 30840000 NA 7.48911436937892 NA
"772" 30880000 NA 7.4896772916637 NA
"773" 30920000 NA 7.49023948524629 NA
"774" 30960000 NA 7.49080095201086 NA
"775" 31000000 NA 7.49136169383427 NA
"776" 31040000 NA 7.49192171258615 NA
"777" 31080000 NA 7.49248101012888 NA
"778" 31120000 NA 7.49303958831765 NA
"779" 31160000 NA 7.49359744900053 NA
"780" 31200000 NA 7.49415459401844 NA
"781" 31240000 NA 7.49471102520526 NA
"782" 31280000 NA 7.49526674438781 NA
"783" 31320000 NA 7.49582175338591 NA
"784" 31360000 NA 7.4963760540124 NA
"785" 31400000 NA 7.49692964807322 NA
"786" 31440000 NA 7.49748253736737 NA
"787" 31480000 NA 7.49803472368703 NA
"788" 31520000 NA 7.49858620881752 NA
"789" 31560000 NA 7.49913699453738 NA
"790" 31600000 NA 7.4996870826184 NA
"791" 31640000 NA 7.50023647482564 NA
"792" 31680000 NA 7.50078517291746 NA
"793" 31720000 NA 7.50133317864557 NA
"794" 31760000 NA 7.50188049375506 NA
"795" 31800000 NA 7.50242711998443 NA
"796" 31840000 NA 7.50297305906563 NA
"797" 31880000 NA 7.50351831272407 NA
"798" 31920000 NA 7.50406288267869 NA
"799" 31960000 NA 7.50460677064195 NA
"800" 32000000 NA 7.50514997831991 NA
"801" 32040000 NA 7.5056925074122 NA
"802" 32080000 NA 7.50623435961213 NA
"803" 32120000 NA 7.50677553660664 NA
"804" 32160000 NA 7.50731604007641 NA
"805" 32200000 NA 7.50785587169583 NA
"806" 32240000 NA 7.50839503313305 NA
"807" 32280000 NA 7.50893352605003 NA
"808" 32320000 NA 7.50947135210255 NA
"809" 32360000 NA 7.51000851294023 NA
"810" 32400000 NA 7.51054501020661 NA
"811" 32440000 NA 7.51108084553912 NA
"812" 32480000 NA 7.51161602056914 NA
"813" 32520000 NA 7.51215053692203 NA
"814" 32560000 NA 7.51268439621716 NA
"815" 32600000 NA 7.51321760006794 NA
"816" 32640000 NA 7.51375015008182 NA
"817" 32680000 NA 7.51428204786038 NA
"818" 32720000 NA 7.51481329499929 NA
"819" 32760000 NA 7.51534389308838 NA
"820" 32800000 NA 7.51587384371168 NA
"821" 32840000 NA 7.5164031484474 NA
"822" 32880000 NA 7.51693180886801 NA
"823" 32920000 NA 7.51745982654023 NA
"824" 32960000 NA 7.51798720302508 NA
"825" 33000000 NA 7.51851393987789 NA
"826" 33040000 NA 7.51904003864834 NA
"827" 33080000 NA 7.51956550088051 NA
"828" 33120000 NA 7.52009032811284 NA
"829" 33160000 NA 7.52061452187824 NA
"830" 33200000 NA 7.52113808370404 NA
"831" 33240000 NA 7.52166101511207 NA
"832" 33280000 NA 7.52218331761869 NA
"833" 33320000 NA 7.52270499273475 NA
"834" 33360000 NA 7.5232260419657 NA
"835" 33400000 NA 7.52374646681156 NA
"836" 33440000 NA 7.52426626876698 NA
"837" 33480000 NA 7.52478544932122 NA
"838" 33520000 NA 7.52530400995824 NA
"839" 33560000 NA 7.52582195215666 NA
"840" 33600000 NA 7.52633927738984 NA
"841" 33640000 NA 7.52685598712587 NA
"842" 33680000 NA 7.52737208282761 NA
"843" 33720000 NA 7.5278875659527 NA
"844" 33760000 NA 7.52840243795362 NA
"845" 33800000 NA 7.52891670027766 NA
"846" 33840000 NA 7.52943035436699 NA
"847" 33880000 NA 7.52994340165867 NA
"848" 33920000 NA 7.53045584358468 NA
"849" 33960000 NA 7.53096768157191 NA
"850" 34000000 NA 7.53147891704226 NA
"851" 34040000 NA 7.53198955141255 NA
"852" 34080000 NA 7.53249958609466 NA
"853" 34120000 NA 7.53300902249549 NA
"854" 34160000 NA 7.53351786201697 NA
"855" 34200000 NA 7.53402610605614 NA
"856" 34240000 NA 7.53453375600512 NA
"857" 34280000 NA 7.53504081325116 NA
"858" 34320000 NA 7.53554727917667 NA
"859" 34360000 NA 7.5360531551592 NA
"860" 34400000 NA 7.53655844257153 NA
"861" 34440000 NA 7.53706314278162 NA
"862" 34480000 NA 7.53756725715268 NA
"863" 34520000 NA 7.53807078704317 NA
"864" 34560000 NA 7.53857373380686 NA
"865" 34600000 NA 7.53907609879278 NA
"866" 34640000 NA 7.53957788334531 NA
"867" 34680000 NA 7.54007908880417 NA
"868" 34720000 NA 7.54057971650445 NA
"869" 34760000 NA 7.54107976777663 NA
"870" 34800000 NA 7.54157924394658 NA
"871" 34840000 NA 7.54207814633563 NA
"872" 34880000 NA 7.54257647626053 NA
"873" 34920000 NA 7.54307423503353 NA
"874" 34960000 NA 7.54357142396237 NA
"875" 35000000 NA 7.54406804435028 NA
"876" 35040000 NA 7.54456409749604 NA
"877" 35080000 NA 7.545059584694 NA
"878" 35120000 NA 7.54555450723406 NA
