"realInteractionDistance" "loessExpectedValue" "loggendist" "loginteraction"
"1" 40000 2611.68478561005 4.60205999132796 0
"2" 80000 1824.42566314148 4.90308998699194 -0.155794586495219
"3" 120000 1085.85549271454 5.07918124604763 -0.381148726542448
"4" 160000 846.569844270625 5.20411998265593 -0.489257964700133
"5" 200000 716.032705457473 5.30102999566398 -0.5619878995127
"6" 240000 612.888578992002 5.38021124171161 -0.629539230605804
"7" 280000 532.842226234115 5.44715803134222 -0.690322124945486
"8" 320000 468.672446544244 5.50514997831991 -0.746051337166229
"9" 360000 415.968361372565 5.55630250076729 -0.797860459709095
"10" 400000 368.603071295805 5.60205999132796 -0.850361809524884
"11" 440000 329.435988036861 5.64345267648619 -0.899149718729483
"12" 480000 298.33610002119 5.68124123737559 -0.942214950932746
"13" 520000 273.924455845465 5.7160033436348 -0.979289951486368
"14" 560000 252.089965670367 5.7481880270062 -1.01536519995595
"15" 600000 232.132051659745 5.77815125038364 -1.05118564921987
"16" 640000 211.177914596843 5.80617997398389 -1.09227226221413
"17" 680000 191.656476536084 5.83250891270624 -1.13439725937686
"18" 720000 176.99583514702 5.85733249643127 -1.16895771188963
"19" 760000 163.265819277883 5.88081359228079 -1.20402548709429
"20" 800000 150.402125584641 5.90308998699194 -1.23966678503401
"21" 840000 141.421794117646 5.92427928606188 -1.26640441654868
"22" 880000 133.216323159444 5.94448267215017 -1.29236331634635
"23" 920000 124.030738361712 5.96378782734556 -1.32339142999061
"24" 960000 115.754485760822 5.98227123303957 -1.35338292911943
"25" 1000000 109.558551885617 6 -1.37727447584006
"26" 1040000 104.831382771515 6.01703333929878 -1.39642944470922
"27" 1080000 99.4377638852358 6.03342375548695 -1.41936940956551
"28" 1120000 93.3140326220921 6.04921802267018 -1.44697380094545
"29" 1160000 86.8438424008771 6.06445798922692 -1.4781817285344
"30" 1200000 82.2857475886744 6.07918124604763 -1.5015961398985
"31" 1240000 78.8866955302375 6.09342168516223 -1.51991699471404
"32" 1280000 76.3364218410771 6.10720996964787 -1.53418895990961
"33" 1320000 72.8297112819559 6.12057393120585 -1.55461217078786
"34" 1360000 69.4985757439803 6.13353890837022 -1.57494485452774
"35" 1400000 66.4375425129504 6.14612803567824 -1.59450719930692
"36" 1440000 62.6857533838157 6.15836249209525 -1.61975190931171
"37" 1480000 59.1040251951275 6.17026171539496 -1.64530370018341
"38" 1520000 56.6330318132961 6.18184358794477 -1.66385094714916
"39" 1560000 54.2106477783407 6.19312459835446 -1.68283616225757
"40" 1600000 52.176878302024 6.20411998265593 -1.69944266700232
"41" 1640000 50.7097121631771 6.2148438480477 -1.71182961364996
"42" 1680000 48.5170446559906 6.22530928172586 -1.73102642048233
"43" 1720000 46.8987408996594 6.23552844690755 -1.7457595758001
"44" 1760000 45.3933742699615 6.24551266781415 -1.75992829229853
"45" 1800000 44.464486684029 6.25527250510331 -1.76890747606666
"46" 1840000 42.7077547589722 6.26481782300954 -1.78641401887008
"47" 1880000 40.7570054196419 6.27415784926368 -1.80671849192428
"48" 1920000 39.2532930348013 6.28330122870355 -1.8230446626615
"49" 1960000 38.4384531967665 6.29225607135648 -1.83215485618895
"50" 2000000 37.7895527672248 6.30102999566398 -1.83954900692871
"51" 2040000 37.173153390122 6.3096301674259 -1.84669135531633
"52" 2080000 36.7437313196326 6.31806333496276 -1.85173750233697
"53" 2120000 35.0993035533414 6.32633586092875 -1.87162225987405
"54" 2160000 33.5849883058456 6.33445375115093 -1.8907755576614
"55" 2200000 33.1241508447033 6.34242268082221 -1.89677600536
"56" 2240000 32.2791699128276 6.35024801833416 -1.90799840114656
"57" 2280000 31.6701509207551 6.35793484700045 -1.91627062611532
"58" 2320000 30.8282490190271 6.3654879848909 -1.92797190068059
"59" 2360000 30.4362491428004 6.37291200297011 -1.93352962861783
"60" 2400000 29.9521516330239 6.38021124171161 -1.94049273339348
"61" 2440000 29.635128476738 6.38738982633873 -1.94511394470697
"62" 2480000 29.0163656117465 6.39445168082622 -1.95427774427635
"63" 2520000 27.9017511131811 6.40140054078154 -1.97128929863715
"64" 2560000 26.9809022028988 6.40823996531185 -1.98586429130966
"65" 2600000 26.6743130094777 6.41497334797082 -1.99082751598608
"66" 2640000 26.6102542872219 6.42160392686983 -1.99187173439331
"67" 2680000 25.8880690369312 6.42813479402879 -2.00382110098934
"68" 2720000 24.4112608235886 6.4345689040342 -2.02933054809094
"69" 2760000 23.8774201924569 6.44090908206522 -2.03893335691675
"70" 2800000 23.3627611802102 6.44715803134222 -2.04839658953764
"71" 2840000 22.7408315537283 6.45331834004704 -2.06011441778412
"72" 2880000 22.3907067347268 6.45939248775923 -2.06685295731765
"73" 2920000 21.4462409028548 6.46538285144842 -2.08556957902278
"74" 2960000 20.8630299368016 6.47129171105894 -2.09754337783958
"75" 3000000 20.3988260101431 6.47712125471966 -2.10731558537559
"76" 3040000 20.4730979029869 6.48287358360875 -2.10573719582897
"77" 3080000 19.9774273580875 6.48855071650044 -2.11638119891655
"78" 3120000 20.1788047781008 6.49415459401844 -2.11202532034953
"79" 3160000 19.8965148939878 6.4996870826184 -2.11814374773528
"80" 3200000 19.3154277832565 6.50514997831991 -2.13101642806867
"81" 3240000 18.8967165259625 6.51054501020661 -2.14053441091067
"82" 3280000 19.1012191517039 6.51587384371168 -2.13585967172623
"83" 3320000 18.8614913284528 6.52113808370404 -2.14134473079659
"84" 3360000 18.0999100211397 6.52633927738984 -2.15924434318086
"85" 3400000 17.4024269225113 6.53147891704226 -2.17631094035971
"86" 3440000 17.4250161837248 6.53655844257153 -2.17574756894934
"87" 3480000 17.6581587503573 6.54157924394658 -2.16997534218206
"88" 3520000 17.4582699900437 6.54654266347813 -2.17491955355599
"89" 3560000 17.2240268259565 6.55144999797287 -2.18078606585871
"90" 3600000 17.3894651287962 6.55630250076729 -2.17663453504885
"91" 3640000 17.1559691722787 6.56110138364906 -2.18250550189666
"92" 3680000 16.8692502422129 6.56584781867352 -2.18982497837873
"93" 3720000 17.0072144605139 6.5705429398819 -2.18628757088977
"94" 3760000 16.609036011372 6.57518784492766 -2.19657633235011
"95" 3800000 15.7794787375606 6.57978359661681 -2.21882810653653
"96" 3840000 15.1443532053162 6.58433122436753 -2.23667002913702
"97" 3880000 15.3359897768336 6.58883172559421 -2.23120894871272
"98" 3920000 15.3108347504841 6.59328606702046 -2.23192188989065
"99" 3960000 15.5310112048482 6.59769518592551 -2.2257210260532
"100" 4000000 15.3281504570242 6.60205999132796 -2.23143100440275
"101" 4040000 15.0531158453298 6.6063813651106 -2.23929435520157
"102" 4080000 14.4375162890835 6.61066016308988 -2.25742827184867
"103" 4120000 14.0146778933514 6.61489721603313 -2.27033763848207
"104" 4160000 13.7197073814782 6.61909333062674 -2.27957591038548
"105" 4200000 13.5079713470398 6.6232492903979 -2.28633062833291
"106" 4240000 13.9015897674038 6.62736585659273 -2.27385629064038
"107" 4280000 14.1388342743218 6.63144376901317 -2.26650715506828
"108" 4320000 14.3100890514696 6.63548374681491 -2.26127842270035
"109" 4360000 14.174364267339 6.63948648926859 -2.26541716956301
"110" 4400000 13.8575360697349 6.64345267648619 -2.27523474138694
"111" 4440000 13.6035341092356 6.64738297011462 -2.28326900918056
"112" 4480000 13.5376124242344 6.65127801399814 -2.28537868279339
"113" 4520000 13.4579762884712 6.65513843481138 -2.28794100029018
"114" 4560000 13.3067982805882 6.65896484266444 -2.29284718567111
"115" 4600000 12.9462865695617 6.66275783168157 -2.30477554306223
"116" 4640000 12.5164320934914 6.66651798055488 -2.31944021158711
"117" 4680000 12.633650961885 6.67024585307412 -2.3153918848894
"118" 4720000 12.5611300720397 6.67394199863409 -2.31789204626988
"119" 4760000 12.8638111174058 6.67760695272049 -2.30755110448118
"120" 4800000 12.790660135505 6.68124123737559 -2.31002779975753
"121" 4840000 12.9474574832689 6.68484536164441 -2.30473626551618
"122" 4880000 12.55110633088 6.68841982200271 -2.31823875021413
"123" 4920000 12.0361709278689 6.69196510276736 -2.33643241246923
"124" 4960000 11.9450284712893 6.6954816764902 -2.33973356983714
"125" 5000000 12.1193595496296 6.69897000433602 -2.3334410890327
"126" 5040000 12.1630041452141 6.70243053644553 -2.33187990432458
"127" 5080000 12.1141331899379 6.70586371228392 -2.33362841483292
"128" 5120000 12.2270297351409 6.70926996097583 -2.32959979070008
"129" 5160000 12.4731384384638 6.71264970162721 -2.32094501650299
"130" 5200000 12.2198797770675 6.7160033436348 -2.32985382587161
"131" 5240000 11.7881564376734 6.71933128698373 -2.34547486844709
"132" 5280000 11.3953871141415 6.72263392253381 -2.36019167583664
"133" 5320000 11.2189914245497 6.72591163229505 -2.36696694301569
"134" 5360000 11.6372789108739 6.72916478969277 -2.35106931588844
"135" 5400000 11.7897578959996 6.73239375982297 -2.34541587217581
"136" 5440000 11.8724774457159 6.73559889969818 -2.34237940585605
"137" 5480000 11.77358401385 6.73878055848437 -2.34601207189133
"138" 5520000 11.5386249713661 6.7419390777292 -2.35476670094389
"139" 5560000 11.2843463104399 6.74507479158206 -2.36444435312771
"140" 5600000 11.1726853135852 6.7481880270062 -2.36876319234298
"141" 5640000 11.1738379172544 6.75127910398334 -2.36871839169022
"142" 5680000 11.2588754970336 6.75434833571102 -2.3654257424352
"143" 5720000 11.2044322460568 6.75739602879302 -2.36753090433239
"144" 5760000 11.192218476138 6.76042248342321 -2.36800457992528
"145" 5800000 11.0380517832042 6.76342799356294 -2.37402833192144
"146" 5840000 10.8429452471575 6.7664128471124 -2.38177349432327
"147" 5880000 10.9552329300254 6.76937732607614 -2.37729914311786
"148" 5920000 11.1646416220791 6.77232170672292 -2.36907597202304
"149" 5960000 11.2794648585183 6.77524625974024 -2.3646322635521
"150" 6000000 11.454273766068 6.77815125038364 -2.35795320019872
"151" 6040000 11.5924455795627 6.78103693862113 -2.35274569328822
"152" 6080000 11.509286505205 6.78390357927274 -2.3558723578149
"153" 6120000 11.3500172511474 6.78675142214556 -2.36192423745296
"154" 6160000 11.2627178117961 6.78958071216443 -2.36527755610643
"155" 6200000 11.1087907867116 6.79239168949825 -2.37125397135441
"156" 6240000 10.9009886944924 6.79518458968242 -2.37945486984333
"157" 6280000 10.8070249921502 6.7979596437372 -2.38321460326522
"158" 6320000 10.7642239564242 6.80071707828238 -2.38493803412205
"159" 6360000 10.5945383785707 6.80345711564841 -2.39183872054105
"160" 6400000 10.5728960035918 6.80617997398389 -2.39272679862687
"161" 6440000 10.8289747495515 6.80888586735981 -2.3823334180274
"162" 6480000 10.880135720575 6.81157500587059 -2.38028644622094
"163" 6520000 10.8083195895108 6.81424759573192 -2.38316258128717
"164" 6560000 10.8815733489743 6.81690383937566 -2.38022906524229
"165" 6600000 10.86268334371 6.81954393554187 -2.38098363940218
"166" 6640000 10.6755347965542 6.82216807936802 -2.38853111862311
"167" 6680000 10.5718806928328 6.82477646247555 -2.392768505746
"168" 6720000 10.2456442219228 6.82736927305382 -2.406381488069
"169" 6760000 9.84304887293499 6.82994669594164 -2.42379111759647
"170" 6800000 9.99026802201644 6.83250891270624 -2.41734361930693
"171" 6840000 10.1277774095542 6.83505610172012 -2.4114066113149
"172" 6880000 10.2729195535585 6.83758843823551 -2.40522687187575
"173" 6920000 10.3277695713058 6.84010609445676 -2.40291421949936
"174" 6960000 10.1889407345447 6.84260923961056 -2.40879172296558
"175" 7000000 10.0450467167665 6.84509804001426 -2.4149687982027
"176" 7040000 10.0761200306722 6.84757265914211 -2.41362742673442
"177" 7080000 10.1836187671722 6.85003325768977 -2.40901862632695
"178" 7120000 10.2635214321321 6.85247999363686 -2.40562436553724
"179" 7160000 10.1887881958192 6.85491302230786 -2.40879822484093
"180" 7200000 10.2536937827085 6.85733249643127 -2.40604041559048
"181" 7240000 10.2599331897512 6.85973856619715 -2.40577622631413
"182" 7280000 10.1819022650174 6.86213137931304 -2.40909183510119
"183" 7320000 10.2468512055816 6.86451108105839 -2.40633032920987
"184" 7360000 9.97529244945046 6.8668778143375 -2.41799512215432
"185" 7400000 9.60731900009465 6.86923171973098 -2.43431854788145
"186" 7440000 9.30274044977973 6.87157293554588 -2.44830985494223
"187" 7480000 9.24130411875834 6.87390159786446 -2.45118749655606
"188" 7520000 9.16263003266925 6.87621784059164 -2.45490060803641
"189" 7560000 9.16751423632882 6.87852179550121 -2.45466916602298
"190" 7600000 9.19281212546641 6.88081359228079 -2.45347237459427
"191" 7640000 9.16089048890037 6.88309335857569 -2.45498306754644
"192" 7680000 9.15120360462017 6.88536122003151 -2.45544254102453
"193" 7720000 9.21002885566551 6.88761730033574 -2.45265976820257
"194" 7760000 9.21902644107384 6.88986172125819 -2.4522356984995
"195" 7800000 9.07740253257704 6.89209460269048 -2.45895916464684
"196" 7840000 9.07730611842 6.89431606268444 -2.45896377745966
"197" 7880000 8.75242447476652 6.89652621748955 -2.47479238717835
"198" 7920000 8.63293777180539 6.89872518158949 -2.48076214864834
"199" 7960000 8.63313523270108 6.90091306773767 -2.48075221515884
"200" 8000000 8.61874968297634 6.90308998699194 -2.48147649153132
"201" 8040000 8.50843226138839 6.90525604874845 -2.48707121343981
"202" 8080000 8.3475088292357 6.90741136077459 -2.49536387199273
"203" 8120000 8.28364528099487 6.90955602924118 -2.49869926564475
"204" 8160000 8.19810309542598 6.91169015875386 -2.50320738358194
"205" 8200000 8.18623125923909 6.91381385238372 -2.5038367498701
"206" 8240000 8.00788106961978 6.91592721169712 -2.5134031445543
"207" 8280000 8.04693722490521 6.91803033678488 -2.51129014571827
"208" 8320000 8.28337187896164 6.92012332629072 -2.49871359978749
"209" 8360000 8.38109278726603 6.92220627743902 -2.49362011031053
"210" 8400000 8.43860771335638 6.92427928606188 -2.49064996082599
"211" 8440000 8.41932067602463 6.92634244662565 -2.49164370778548
"212" 8480000 8.23934957191256 6.92839585225671 -2.50102782996182
"213" 8520000 8.21935386796706 6.9304395947667 -2.50208308053967
"214" 8560000 8.18533859209357 6.93247376467715 -2.50388411007066
"215" 8600000 7.99056692233488 6.93449845124357 -2.5143431659319
"216" 8640000 7.83554798703345 6.93651374247889 -2.52285138438268
"217" 8680000 7.71976980920265 6.93851972517649 -2.5293164084926
"218" 8720000 7.60270488279054 6.94051648493257 -2.53595262644372
"219" 8760000 7.77155333260431 6.94250410616808 -2.52641292735982
"220" 8800000 7.85148783527585 6.94448267215017 -2.52196879692703
"221" 8840000 8.02455742838812 6.94645226501307 -2.51249966961452
"222" 8880000 8.10490663497185 6.9484129657786 -2.50817274274832
"223" 8920000 8.0613908692386 6.95036485437612 -2.51051077996097
"224" 8960000 7.89446919467347 6.95230800966212 -2.51959782467833
"225" 9000000 7.71321044320815 6.95424250943933 -2.52968557848844
"226" 9040000 7.62424103368605 6.95616843047536 -2.53472414139056
"227" 9080000 7.52038063183784 6.95808584852109 -2.5406809368196
"228" 9120000 7.50251435624435 6.95999483832842 -2.54171392394581
"229" 9160000 7.61951828882109 6.96189547366785 -2.53499324326451
"230" 9200000 7.59898836588638 6.96378782734556 -2.53616497947429
"231" 9240000 7.52310063406017 6.96567197122011 -2.5405238878031
"232" 9280000 7.51172093008751 6.96754797621886 -2.54118131410692
"233" 9320000 7.37134343066456 6.96941591235398 -2.54937411363888
"234" 9360000 7.36427041254933 6.97127584873811 -2.5497910318625
"235" 9400000 7.54381338032026 6.9731278535997 -2.53932982283878
"236" 9440000 7.38705046657998 6.97497199429807 -2.54844969304838
"237" 9480000 7.12955590366565 6.97680833733807 -2.56385828035995
"238" 9520000 6.91419899608738 6.97863694838447 -2.57717888435342
"239" 9560000 6.79774224774219 6.9804578922761 -2.58455606580593
"240" 9600000 6.81034899680972 6.98227123303957 -2.5837513911425
"241" 9640000 7.03825901891076 6.98407703390283 -2.56945551356893
"242" 9680000 7.47233336223359 6.98587535730839 -2.54346452029928
"243" 9720000 7.74186096624994 6.98766626492627 -2.52807539138745
"244" 9760000 7.85540333660563 6.98944981766669 -2.521752270227
"245" 9800000 7.98624458252941 6.9912260756925 -2.51457815254004
"246" 9840000 7.85378465181079 6.99299509843134 -2.52184177019063
"247" 9880000 7.66553550606272 6.99475694458763 -2.53237825948118
"248" 9920000 7.38157101087887 6.99651167215418 -2.54877195704406
"249" 9960000 7.10927487516079 6.9982593384237 -2.5650954528301
"250" 10000000 6.95038487391833 7 -2.57491190499137
"251" 10040000 6.94209726975309 7.001733712809 -2.57543006454657
"252" 10080000 7.20108211142384 7.00346053210951 -2.55952299601918
"253" 10120000 7.33424982823994 7.00518051250378 -2.55156505972715
"254" 10160000 7.2777590434056 7.0068937079479 -2.55492308648145
"255" 10200000 7.14414745335833 7.00860017176192 -2.56297034937765
"256" 10240000 6.81822117848768 7.01029995663981 -2.58324967373568
"257" 10280000 6.69202227485805 7.01199311465926 -2.59136338120466
"258" 10320000 6.77770598531054 7.01367969729119 -2.58583803372051
"259" 10360000 6.86528776607218 7.01535975540921 -2.58026201319238
"260" 10400000 7.05586803708291 7.01703333929878 -2.56837030930297
"261" 10440000 7.29177103016941 7.01870049866624 -2.55408773621586
"262" 10480000 7.22898355640338 7.02036128264771 -2.5578435222078
"263" 10520000 7.30207651891443 7.02201573981772 -2.55347437944012
"264" 10560000 7.29269134352248 7.02366391819779 -2.55403292624054
"265" 10600000 7.36241013672586 7.02530586526477 -2.54990075211162
"266" 10640000 7.67866323551202 7.02694162795903 -2.53163513799966
"267" 10680000 7.90623498765224 7.02857125269254 -2.51895104085764
"268" 10720000 7.89398534079682 7.03019478535675 -2.51962444350518
"269" 10760000 7.61377303446103 7.03181227133037 -2.53532083266474
"270" 10800000 7.52290764161874 7.03342375548695 -2.54053502903748
"271" 10840000 7.56885010129619 7.03502928220237 -2.53789085482026
"272" 10880000 7.51656946225237 7.03662889536216 -2.54090108385017
"273" 10920000 7.39078330099313 7.03822263836872 -2.54823029019848
"274" 10960000 7.27386974303786 7.03981055414835 -2.55515523942504
"275" 11000000 7.02126239326884 7.04139268515823 -2.57050555561613
"276" 11040000 6.81580657810083 7.04296907339318 -2.58340350173922
"277" 11080000 6.83528659829736 7.04453976039241 -2.58216403015817
"278" 11120000 6.94462260331379 7.04610478724604 -2.57527210954316
"279" 11160000 6.87682340361527 7.04766419460156 -2.57953288724586
"280" 11200000 6.83781971759813 7.04921802267018 -2.58200311284772
"281" 11240000 6.88830699710684 7.05076631123304 -2.57880826462368
"282" 11280000 7.0109637303529 7.05230909964732 -2.5711430386839
"283" 11320000 7.17985715009137 7.05384642685225 -2.56080495543933
"284" 11360000 7.26869616713695 7.055378331375 -2.55546424343081
"285" 11400000 7.19578803843183 7.05690485133647 -2.55984239693993
"286" 11440000 7.15377082093159 7.05842602445701 -2.5623857361514
"287" 11480000 7.16463382309795 7.05994188806195 -2.56172676011039
"288" 11520000 7.04470810837504 7.06145247908719 -2.5690577558893
"289" 11560000 6.98697844071683 7.06295783408451 -2.57263135589555
"290" 11600000 6.82593041416428 7.06445798922692 -2.58275890245575
"291" 11640000 6.47413993004965 7.06595298031387 -2.60573867720255
"292" 11680000 6.42796542441533 7.06744284277638 -2.6088472270192
"293" 11720000 6.58775476608022 7.06892761168207 -2.5981833352031
"294" 11760000 6.63703619394046 7.07040732174012 -2.59494657307749
"295" 11800000 6.69097318908026 7.07188200730613 -2.591431469424
"296" 11840000 6.69768213860612 7.0733517023869 -2.59099622631243
"297" 11880000 6.61974887328687 7.07481644064517 -2.5960792447146
"298" 11920000 6.52874856509939 7.07627625540422 -2.60209081568158
"299" 11960000 6.57153005978302 7.07773117965239 -2.59925426026919
"300" 12000000 6.63404166276897 7.07918124604763 -2.59514256445058
"301" 12040000 6.8688634614099 7.08062648692181 -2.58003587547721
"302" 12080000 6.90097691167141 7.08206693428511 -2.57801018467022
"303" 12120000 6.90628601791368 7.08350261983027 -2.57767619875712
"304" 12160000 6.64318788020925 7.08493357493672 -2.5945442239037
"305" 12200000 6.51072351078028 7.08635983067475 -2.60329150641008
"306" 12240000 6.386967788701 7.08778141780954 -2.61162603318394
"307" 12280000 6.38446657177106 7.08919836680515 -2.61179614167668
"308" 12320000 6.44158113301984 7.09061070782841 -2.60792827788699
"309" 12360000 6.71227255557056 7.0920184707528 -2.59005117612825
"310" 12400000 6.76870902391824 7.09342168516223 -2.58641491421006
"311" 12440000 6.79890670092119 7.0948203803548 -2.5844816775367
"312" 12480000 6.84543198063859 7.0962145853464 -2.58151989961052
"313" 12520000 6.9030077429325 7.09760432887441 -2.57788239855066
"314" 12560000 6.83119328954416 7.09898963940118 -2.58242418514643
"315" 12600000 6.79520134669887 7.10037054511756 -2.58471842935984
"316" 12640000 6.93366446446762 7.10174707394637 -2.5759579377291
"317" 12680000 7.05831931799713 7.10311925354571 -2.56821945714853
"318" 12720000 6.99788216922628 7.10448711131239 -2.57195413354554
"319" 12760000 7.03439679391138 7.10585067438514 -2.56969389686623
"320" 12800000 6.95494641726683 7.10720996964787 -2.57462697065434
"321" 12840000 6.85401457860581 7.10856502373283 -2.58097573522999
"322" 12880000 6.74926233314887 7.10991586302379 -2.58766445026772
"323" 12920000 6.76007394690879 7.11126251365907 -2.58696931246057
"324" 12960000 6.77019498727209 7.11260500153457 -2.58631958216739
"325" 13000000 6.82235067537467 7.11394335230684 -2.58298672027815
"326" 13040000 6.92446717905511 7.1152775913959 -2.57653439796087
"327" 13080000 7.32099406090969 7.11660774398825 -2.55235070454049
"328" 13120000 7.24746694090081 7.11793383503964 -2.55673451606605
"329" 13160000 7.34105245464919 7.11925588927794 -2.55116243179259
"330" 13200000 7.17121815672723 7.12057393120585 -2.56132782463487
"331" 13240000 7.1240924137402 7.12188798510368 -2.56419121458
"332" 13280000 7.18049926481235 7.123198075032 -2.56076611700493
"333" 13320000 7.37903335732363 7.12450422483428 -2.54892128547525
"334" 13360000 7.41021449156846 7.12580645813953 -2.54708998009099
"335" 13400000 7.47501435991674 7.12710479836481 -2.54330872777556
"336" 13440000 7.55251053129565 7.12839926871781 -2.53882941954631
"337" 13480000 7.62653271060717 7.1296898921993 -2.53459362176377
"338" 13520000 7.82559970426524 7.13097669160562 -2.52340313001166
"339" 13560000 8.02976152657865 7.13225968953104 -2.51221811158481
"340" 13600000 8.30049890278881 7.13353890837022 -2.49781656257804
"341" 13640000 8.53324560283169 7.13481437032046 -2.48580651345338
"342" 13680000 8.43963163508156 7.1360860973841 -2.4905972677048
"343" 13720000 8.42543984681482 7.13735411137073 -2.49132817676664
"344" 13760000 8.20890911927557 7.13861843389949 -2.5026353114525
"345" 13800000 8.11565827045179 7.13987908640124 -2.50759700735668
"346" 13840000 8.03508292038062 7.14113609012074 -2.51193039612558
"347" 13880000 7.98846118723794 7.14238946611884 -2.51445762960665
"348" 13920000 8.02853445079366 7.14363923527454 -2.5122844837882
"349" 13960000 8.06368432644457 7.14488541828714 -2.51038724121108
"350" 14000000 8.09354066818536 7.14612803567824 -2.50878220578815
"351" 14040000 8.25637703747515 7.14736710779379 -2.50013124175614
"352" 14080000 8.26781571047866 7.14860265480609 -2.49952997143268
"353" 14120000 8.31225127956371 7.14983469671578 -2.49720209559599
"354" 14160000 8.32607492138108 7.15106325335375 -2.49648044455129
"355" 14200000 8.44450044347773 7.15228834438306 -2.49034679623624
"356" 14240000 8.6222872744821 7.15350998930084 -2.48129827063945
"357" 14280000 8.72475285980764 7.15472820744016 -2.47616762523814
"358" 14320000 8.78018387730768 7.15594301797184 -2.47341714794681
"359" 14360000 8.79162433677941 7.15715443990628 -2.47285163652527
"360" 14400000 8.70811544714767 7.15836249209525 -2.47699658104483
"361" 14440000 8.63111234496817 7.15956719323362 -2.48085398953157
"362" 14480000 8.52681134303657 7.16076856186113 -2.4861341048167
"363" 14520000 8.49569869109802 7.16196661636407 -2.48772165777727
"364" 14560000 8.38142768878278 7.16316137497702 -2.49360275660994
"365" 14600000 8.31577019600078 7.16435285578444 -2.49701827985869
"366" 14640000 8.28517861512569 7.16554107672237 -2.49861888352976
"367" 14680000 8.49162958119812 7.16672605558005 -2.48792971780664
"368" 14720000 8.69569845762666 7.16790781000148 -2.47761628784879
"369" 14760000 8.67376640668427 7.16908635748702 -2.47871303709669
"370" 14800000 8.63946808260403 7.17026171539496 -2.48043375454922
"371" 14840000 8.60035635742298 7.17143390094301 -2.48240431238465
"372" 14880000 8.39385110349789 7.17260293120986 -2.49295949797795
"373" 14920000 8.22842537955114 7.17376882313665 -2.50160402403439
"374" 14960000 8.10201526966751 7.17493159352844 -2.50832770172419
"375" 15000000 7.86921990785806 7.17609125905568 -2.52098907709929
"376" 15040000 8.12535331938156 7.17724783625562 -2.50707850433994
"377" 15080000 8.25561411279124 7.17840134153376 -2.50017137428498
"378" 15120000 8.37762600119787 7.17955179116519 -2.49379979064288
"379" 15160000 8.51795383429599 7.18069920129603 -2.4865854771267
"380" 15200000 8.50458719592569 7.18184358794477 -2.487267520832
"381" 15240000 8.51809973274748 7.18298496700358 -2.48657803844471
"382" 15280000 8.4475127302087 7.18412335423967 -2.4901919041573
"383" 15320000 8.2573555469695 7.18525876529659 -2.500079774134
"384" 15360000 8.08083172843808 7.18639121569549 -2.50946469576719
"385" 15400000 7.89420805593134 7.18752072083646 -2.51961219081083
"386" 15440000 7.87145847113091 7.18864729599972 -2.52086555057014
"387" 15480000 7.84546796039525 7.18977095634687 -2.52230190592021
"388" 15520000 7.84206629995137 7.19089171692217 -2.52249024939838
"389" 15560000 7.80418479556969 7.19200959265367 -2.52459321455785
"390" 15600000 7.81606706333712 7.19312459835446 -2.5239324820209
"391" 15640000 7.75374284778247 7.19423674872383 -2.52740936550586
"392" 15680000 7.62566144468599 7.19534605834842 -2.53464323901601
"393" 15720000 7.57122511126734 7.19645254170339 -2.5377546000502
"394" 15760000 7.47220190298627 7.19755621315354 -2.54347216082134
"395" 15800000 7.45942777700017 7.19865708695442 -2.54421524565524
"396" 15840000 7.44706478483392 7.19975517725347 -2.54493562712478
"397" 15880000 7.41451498330403 7.20085049809108 -2.5468380119339
"398" 15920000 7.34849468873487 7.20194306340165 -2.55072237445911
"399" 15960000 7.31455397612117 7.20303288701471 -2.55273291003906
"400" 16000000 7.41355511978333 7.20411998265593 -2.54689423818966
"401" 16040000 7.62300313801359 7.20520436394814 -2.53479466052895
"402" 16080000 7.64716508618792 7.20628604441243 -2.53342029328329
"403" 16120000 7.60525524100364 7.20736503746907 -2.53580696502691
"404" 16160000 7.52285528454097 7.20844135643857 -2.54053805160138
"405" 16200000 7.392747409437 7.20951501454263 -2.54811489131566
"406" 16240000 7.32148701771408 7.21058602490516 -2.5523214624443
"407" 16280000 7.35359278327817 7.21165440055318 -2.55042118261525
"408" 16320000 7.37599949106576 7.21272015441784 -2.54909988099676
"409" 16360000 7.49126566351906 7.2137832993353 -2.54236556030293
"410" 16400000 7.5553245069477 7.2148438480477 -2.53866763672184
"411" 16440000 7.70276759659519 7.21590181320403 -2.53027396429716
"412" 16480000 7.81635380021724 7.2169572073611 -2.52391654997225
"413" 16520000 7.64060361697134 7.21801004298436 -2.5337930893537
"414" 16560000 7.37919925892025 7.21906033244886 -2.54891152141341
"415" 16600000 7.35630777842242 7.22010808804005 -2.55026086780986
"416" 16640000 7.32158226648516 7.2211533219547 -2.55231581253377
"417" 16680000 7.3312174555062 7.22219604630172 -2.55174465751815
"418" 16720000 7.3567468123565 7.223236273103 -2.55023494932858
"419" 16760000 7.51957024885346 7.22427401429426 -2.54072773815047
"420" 16800000 7.59138203208251 7.22530928172586 -2.5365999114724
"421" 16840000 7.4940811365431 7.22634208716363 -2.54220236829556
"422" 16880000 7.10373092786304 7.22737244228964 -2.56543425601852
"423" 16920000 6.9181216115999 7.228400358703 -2.57693256699776
"424" 16960000 6.814453466699 7.2294258479207 -2.58348972882736
"425" 17000000 6.87385060473656 7.23044892137827 -2.57972067006554
"426" 17040000 7.06151696116203 7.23146959043068 -2.56802275248739
"427" 17080000 7.43451733681827 7.23248786635299 -2.54566798053747
"428" 17120000 7.73062211319137 7.23350376034113 -2.52870631438794
"429" 17160000 7.96925658552904 7.23451728351269 -2.51550294908087
"430" 17200000 8.11315012309401 7.23552844690755 -2.50773124698039
"431" 17240000 7.93693803071199 7.23653726148869 -2.51726776960186
"432" 17280000 7.79462449119259 7.23754373814287 -2.52512556133892
"433" 17320000 7.71852543232175 7.23854788768133 -2.52938641959234
"434" 17360000 7.6441704509221 7.23954972084047 -2.53359039661858
"435" 17400000 7.6422977267737 7.2405492482826 -2.53369680625596
"436" 17440000 7.65993798866415 7.24154648059655 -2.53269550527818
"437" 17480000 7.61410160631835 7.24254142829838 -2.53530209112031
"438" 17520000 7.57634538152614 7.24353410183206 -2.53746099452383
"439" 17560000 7.58154496756454 7.24452451157008 -2.5371630438775
"440" 17600000 7.49173845144078 7.24551266781415 -2.54233815202298
"441" 17640000 7.36535488785027 7.2464985807958 -2.54972708160848
"442" 17680000 7.24697690897897 7.24748226067705 -2.55676388154732
"443" 17720000 7.31010556998531 7.24846371755103 -2.55299711014458
"444" 17760000 7.45375166317512 7.24944296144258 -2.54454583981752
"445" 17800000 7.4895232299181 7.25042000230889 -2.542466586932
"446" 17840000 7.29938696789788 7.2513948500401 -2.5536343712354
"447" 17880000 7.19974627771813 7.2523675144599 -2.55960356710761
"448" 17920000 7.27741020499001 7.25333800532611 -2.55494390363533
"449" 17960000 7.32070196791194 7.25430633233129 -2.55236803236602
"450" 18000000 7.32396834146318 7.25527250510331 -2.55217430072131
"451" 18040000 7.2375539703305 7.25623653320592 -2.55732894380164
"452" 18080000 7.30236748650906 7.25719842613934 -2.5534570743485
"453" 18120000 7.27995818979941 7.25815819334079 -2.55479187399316
"454" 18160000 7.1955851976168 7.25911584418507 -2.55985463936394
"455" 18200000 7.0005717967657 7.26007138798508 -2.57178724505686
"456" 18240000 6.72827322418399 7.2610248339924 -2.58901713993921
"457" 18280000 6.61687849352241 7.26197619139781 -2.59626759935777
"458" 18320000 6.52681520211695 7.26292546933183 -2.60221944266329
"459" 18360000 6.56127957527158 7.26387267686522 -2.59993221569349
"460" 18400000 6.56236689368912 7.26481782300954 -2.59986025148887
"461" 18440000 6.47258524467736 7.26576091671761 -2.60584298022472
"462" 18480000 6.52292376352144 7.26670196688409 -2.60247845632835
"463" 18520000 6.71886111503415 7.26764098234592 -2.58962509515573
"464" 18560000 6.84520554134799 7.26857797188284 -2.58153426582746
"465" 18600000 6.88387123869703 7.26951294421792 -2.5790880207282
"466" 18640000 7.05359707931866 7.27044590801796 -2.56851011112055
"467" 18680000 7.01138318230807 7.27137687189407 -2.5711170564898
"468" 18720000 6.97434313968544 7.27230584440209 -2.57341744809773
"469" 18760000 6.94263451093587 7.27323283404305 -2.57539645628032
"470" 18800000 6.93874052773499 7.27415784926368 -2.57564011160357
"471" 18840000 6.61187209978075 7.27508089845686 -2.59659631509924
"472" 18880000 6.35245946361265 7.27600198996205 -2.61397885667028
"473" 18920000 6.25663055423169 7.27692113206577 -2.62058024785735
"474" 18960000 6.23062564763048 7.27783833300205 -2.62238910059223
"475" 19000000 6.20425051512937 7.27875360095283 -2.62423143364524
"476" 19040000 6.20536598687289 7.27966694404846 -2.62415335819075
"477" 19080000 6.12859056692805 7.28057837036808 -2.62956015068962
"478" 19120000 6.10865263957287 7.28148788794008 -2.63097532882194
"479" 19160000 5.93152724819631 7.28239550474253 -2.6437542292761
"480" 19200000 5.99767488034958 7.28330122870355 -2.63893783908307
"481" 19240000 5.98301659169418 7.28420506770179 -2.64000055187699
"482" 19280000 5.9287958628513 7.28510702956681 -2.64395426187102
"483" 19320000 5.82786818345394 7.28600712207947 -2.65141103887602
"484" 19360000 5.78725548823343 7.28690535297237 -2.6544481036215
"485" 19400000 5.76968292979707 7.28780172993023 -2.65576881171342
"486" 19440000 5.79490813659763 7.28869626059026 -2.65387420334728
"487" 19480000 5.81153604930672 7.2895889525426 -2.65262982297375
"488" 19520000 5.97438576985271 7.29047981333067 -2.64062749723479
"489" 19560000 5.87471470050179 7.29136885045158 -2.64793397868708
"490" 19600000 5.91510405683575 7.29225607135648 -2.64495837005988
"491" 19640000 6.01190666203737 7.29314148345093 -2.63790852975599
"492" 19680000 6.11105043356361 7.29402509409532 -2.6308048911761
"493" 19720000 6.03436005986773 7.29490691060519 -2.63628953886102
"494" 19760000 5.87614844679528 7.29578694025161 -2.64782800041145
"495" 19800000 5.84367591329225 7.29666519026153 -2.65023463685397
"496" 19840000 5.78267539877855 7.29754166781816 -2.65479194451393
"497" 19880000 5.69313761427911 7.29841638006129 -2.6615690773905
"498" 19920000 5.78410068066672 7.29928933408768 -2.65468491519858
"499" 19960000 5.91460511684802 7.30016053695135 -2.64499500441503
"500" 20000000 6.03561643435957 7.30102999566398 -2.63619912666987
"501" 20040000 6.1097249333094 7.30189771719521 -2.63089910082011
"502" 20080000 6.12152929504327 7.30276370847298 -2.63006082689344
"503" 20120000 6.17841317174751 7.30362797638389 -2.62604381137369
"504" 20160000 6.14546507611699 7.30449052777349 -2.62836600410011
"505" 20200000 6.12269214663738 7.30535136944662 -2.62997833573065
"506" 20240000 6.04686435561413 7.30621050816776 -2.63539053253597
"507" 20280000 5.96950325864896 7.3070679506613 -2.64098256546871
"508" 20320000 5.93505602524595 7.30792370361188 -2.64349593614986
"509" 20360000 5.93251236385891 7.30877777366472 -2.64368210707973
"510" 20400000 5.84925517723984 7.3096301674259 -2.64982019094462
"511" 20440000 5.86044861479415 7.31048089146268 -2.64898989673217
"512" 20480000 5.85930351558955 7.31132995230379 -2.64907476376038
"513" 20520000 5.84596276535346 7.31217735643978 -2.65006471419493
"514" 20560000 5.8772389879455 7.31302311032324 -2.64774740815533
"515" 20600000 5.84120805857052 7.31386722036915 -2.65041808338306
"516" 20640000 5.81529858803191 7.31470969295517 -2.6523487404755
"517" 20680000 5.77729500212333 7.3155505344219 -2.65519621488237
"518" 20720000 5.80914720811164 7.3163897510732 -2.65280837711567
"519" 20760000 6.14972818075319 7.31722734917642 -2.62806483878212
"520" 20800000 6.32954563492697 7.31806333496276 -2.61554822367636
"521" 20840000 6.4515551635107 7.31889771462749 -2.60725634405042
"522" 20880000 6.63854292284833 7.31973049433022 -2.59484799145669
"523" 20920000 6.70489797815837 7.32056168019524 -2.59052858507091
"524" 20960000 6.81347566628137 7.32139127831169 -2.58355204986269
"525" 21000000 6.78714156553642 7.32221929473392 -2.58523385131873
"526" 21040000 6.72367832693155 7.3230457354817 -2.58931383125447
"527" 21080000 6.72581975764458 7.32387060654051 -2.58917553441335
"528" 21120000 6.6975819269793 7.32469391386177 -2.59100272433387
"529" 21160000 6.60131963249 7.32551566336315 -2.5972899975012
"530" 21200000 6.43998091931088 7.32633586092875 -2.60803617846371
"531" 21240000 6.37149842434623 7.32715451240943 -2.61267917903357
"532" 21280000 6.43500434456632 7.32797162362301 -2.60837191462398
"533" 21320000 6.4836827720547 7.32878720035453 -2.60509900115989
"534" 21360000 6.61288154222349 7.32960124835652 -2.59653001590072
"535" 21400000 6.44762724737684 7.33041377334919 -2.60752083714784
"536" 21440000 6.32654528112555 7.33122478102073 -2.61575413830399
"537" 21480000 6.0614323897628 7.33203427702752 -2.634345493745
"538" 21520000 5.85104316208954 7.33284226699435 -2.64968745724203
"539" 21560000 5.77095011797196 7.3336487565147 -2.65567343863782
"540" 21600000 5.69542173613259 7.33445375115093 -2.66139487071524
"541" 21640000 5.63443080925217 7.33525725643453 -2.66607070894937
"542" 21680000 5.49007262228955 7.33605927786635 -2.67734266977203
"543" 21720000 5.3478517847853 7.33685982091681 -2.68874139675101
"544" 21760000 5.18027224694688 7.33765889102614 -2.70256817457464
"545" 21800000 5.00329904486161 7.33845649360461 -2.71766429783781
"546" 21840000 4.98667131069868 7.3392526340327 -2.71911001581396
"547" 21880000 4.94919372711808 7.34004731766139 -2.72238630527115
"548" 21920000 4.93569795562612 7.34084054981233 -2.72357218427071
"549" 21960000 4.81072906931444 7.34163233577805 -2.73470986008609
"550" 22000000 4.59808819578002 7.34242268082221 -2.75434346187511
"551" 22040000 4.46092665621033 7.34321159017975 -2.76749567617682
"552" 22080000 4.43044820315443 7.34399906905716 -2.77047309553738
"553" 22120000 4.45200430894651 7.34478512263266 -2.76836518307457
"554" 22160000 4.37667201365462 7.34556975605639 -2.77577675712811
"555" 22200000 4.24375658447352 7.34635297445064 -2.78917029361441
"556" 22240000 4.19924053282964 7.34713478291002 -2.79375000730391
"557" 22280000 4.0798800282804 7.34791518650169 -2.80627336653128
"558" 22320000 4.11814990719472 7.34869419026554 -2.80221860749819
"559" 22360000 4.06397802643747 7.34947179921439 -2.80796940798546
"560" 22400000 4.03820311603998 7.35024801833416 -2.8107325995069
"561" 22440000 4.0074182911605 7.35102285258412 -2.81405608296241
"562" 22480000 3.98554970201814 7.35179630689702 -2.81643252968349
"563" 22520000 3.92171214019286 7.35256838617931 -2.82344504646942
"564" 22560000 3.91344016206566 7.3533390953113 -2.82436206139171
"565" 22600000 3.87214584050149 7.3541084391474 -2.82896905286475
"566" 22640000 3.84680758600474 7.35487642251623 -2.83182029526165
"567" 22680000 3.80809225514803 7.35564305022087 -2.83621329798379
"568" 22720000 3.7895139400192 7.35640832703898 -2.83833725008604
"569" 22760000 NA 7.35717225772303 NA
"570" 22800000 NA 7.35793484700045 NA
"571" 22840000 NA 7.35869609957381 NA
"572" 22880000 NA 7.35945602012099 NA
"573" 22920000 NA 7.36021461329535 NA
"574" 22960000 NA 7.36097188372594 NA
"575" 23000000 NA 7.36172783601759 NA
"576" 23040000 NA 7.36248247475117 NA
"577" 23080000 NA 7.36323580448369 NA
"578" 23120000 NA 7.36398782974849 NA
"579" 23160000 NA 7.3647385550554 NA
"580" 23200000 NA 7.3654879848909 NA
"581" 23240000 NA 7.36623612371829 NA
"582" 23280000 NA 7.36698297597785 NA
"583" 23320000 NA 7.36772854608698 NA
"584" 23360000 NA 7.36847283844036 NA
"585" 23400000 NA 7.36921585741014 NA
"586" 23440000 NA 7.36995760734605 NA
"587" 23480000 NA 7.37069809257558 NA
"588" 23520000 NA 7.3714373174041 NA
"589" 23560000 NA 7.37217528611506 NA
"590" 23600000 NA 7.37291200297011 NA
"591" 23640000 NA 7.37364747220922 NA
"592" 23680000 NA 7.37438169805088 NA
"593" 23720000 NA 7.37511468469222 NA
"594" 23760000 NA 7.37584643630916 NA
"595" 23800000 NA 7.37657695705651 NA
"596" 23840000 NA 7.3773062510682 NA
"597" 23880000 NA 7.37803432245733 NA
"598" 23920000 NA 7.37876117531637 NA
"599" 23960000 NA 7.37948681371727 NA
"600" 24000000 NA 7.38021124171161 NA
"601" 24040000 NA 7.3809344633307 NA
"602" 24080000 NA 7.38165648258579 NA
"603" 24120000 NA 7.38237730346811 NA
"604" 24160000 NA 7.38309692994909 NA
"605" 24200000 NA 7.38381536598043 NA
"606" 24240000 NA 7.38453261549425 NA
"607" 24280000 NA 7.38524868240322 NA
"608" 24320000 NA 7.3859635706007 NA
"609" 24360000 NA 7.38667728396084 NA
"610" 24400000 NA 7.38738982633873 NA
"611" 24440000 NA 7.38810120157052 NA
"612" 24480000 NA 7.38881141347352 NA
"613" 24520000 NA 7.38952046584638 NA
"614" 24560000 NA 7.39022836246913 NA
"615" 24600000 NA 7.39093510710338 NA
"616" 24640000 NA 7.39164070349239 NA
"617" 24680000 NA 7.3923451553612 NA
"618" 24720000 NA 7.39304846641678 NA
"619" 24760000 NA 7.39375064034808 NA
"620" 24800000 NA 7.39445168082622 NA
"621" 24840000 NA 7.39515159150454 NA
"622" 24880000 NA 7.39585037601878 NA
"623" 24920000 NA 7.39654803798713 NA
"624" 24960000 NA 7.39724458101039 NA
"625" 25000000 NA 7.39794000867204 NA
"626" 25040000 NA 7.39863432453839 NA
"627" 25080000 NA 7.39932753215868 NA
"628" 25120000 NA 7.40001963506516 NA
"629" 25160000 NA 7.40071063677323 NA
"630" 25200000 NA 7.40140054078154 NA
"631" 25240000 NA 7.4020893505721 NA
"632" 25280000 NA 7.40277706961035 NA
"633" 25320000 NA 7.40346370134532 NA
"634" 25360000 NA 7.40414924920969 NA
"635" 25400000 NA 7.40483371661994 NA
"636" 25440000 NA 7.40551710697638 NA
"637" 25480000 NA 7.40619942366331 NA
"638" 25520000 NA 7.40688067004912 NA
"639" 25560000 NA 7.40756084948636 NA
"640" 25600000 NA 7.40823996531185 NA
"641" 25640000 NA 7.40891802084678 NA
"642" 25680000 NA 7.40959501939682 NA
"643" 25720000 NA 7.41027096425218 NA
"644" 25760000 NA 7.41094585868777 NA
"645" 25800000 NA 7.41161970596323 NA
"646" 25840000 NA 7.41229250932305 NA
"647" 25880000 NA 7.41296427199666 NA
"648" 25920000 NA 7.41363499719856 NA
"649" 25960000 NA 7.41430468812833 NA
"650" 26000000 NA 7.41497334797082 NA
"651" 26040000 NA 7.41564097989615 NA
"652" 26080000 NA 7.41630758705988 NA
"653" 26120000 NA 7.41697317260304 NA
"654" 26160000 NA 7.41763773965223 NA
"655" 26200000 NA 7.41830129131975 NA
"656" 26240000 NA 7.41896383070362 NA
"657" 26280000 NA 7.41962536088774 NA
"658" 26320000 NA 7.42028588494192 NA
"659" 26360000 NA 7.42094540592197 NA
"660" 26400000 NA 7.42160392686983 NA
"661" 26440000 NA 7.4222614508136 NA
"662" 26480000 NA 7.42291798076766 NA
"663" 26520000 NA 7.42357351973274 NA
"664" 26560000 NA 7.42422807069598 NA
"665" 26600000 NA 7.42488163663107 NA
"666" 26640000 NA 7.42553422049826 NA
"667" 26680000 NA 7.42618582524451 NA
"668" 26720000 NA 7.42683645380351 NA
"669" 26760000 NA 7.42748610909579 NA
"670" 26800000 NA 7.42813479402879 NA
"671" 26840000 NA 7.42878251149695 NA
"672" 26880000 NA 7.42942926438179 NA
"673" 26920000 NA 7.43007505555194 NA
"674" 26960000 NA 7.43071988786328 NA
"675" 27000000 NA 7.43136376415899 NA
"676" 27040000 NA 7.4320066872696 NA
"677" 27080000 NA 7.43264866001311 NA
"678" 27120000 NA 7.43328968519503 NA
"679" 27160000 NA 7.43392976560846 NA
"680" 27200000 NA 7.4345689040342 NA
"681" 27240000 NA 7.43520710324075 NA
"682" 27280000 NA 7.43584436598444 NA
"683" 27320000 NA 7.43648069500949 NA
"684" 27360000 NA 7.43711609304808 NA
"685" 27400000 NA 7.43775056282039 NA
"686" 27440000 NA 7.43838410703471 NA
"687" 27480000 NA 7.43901672838751 NA
"688" 27520000 NA 7.43964842956347 NA
"689" 27560000 NA 7.44027921323559 NA
"690" 27600000 NA 7.44090908206522 NA
"691" 27640000 NA 7.44153803870216 NA
"692" 27680000 NA 7.44216608578472 NA
"693" 27720000 NA 7.44279322593977 NA
"694" 27760000 NA 7.44341946178282 NA
"695" 27800000 NA 7.44404479591808 NA
"696" 27840000 NA 7.44466923093852 NA
"697" 27880000 NA 7.44529276942597 NA
"698" 27920000 NA 7.44591541395112 NA
"699" 27960000 NA 7.44653716707364 NA
"700" 28000000 NA 7.44715803134222 NA
"701" 28040000 NA 7.44777800929462 NA
"702" 28080000 NA 7.44839710345777 NA
"703" 28120000 NA 7.44901531634779 NA
"704" 28160000 NA 7.44963265047007 NA
"705" 28200000 NA 7.45024910831936 NA
"706" 28240000 NA 7.45086469237977 NA
"707" 28280000 NA 7.45147940512486 NA
"708" 28320000 NA 7.45209324901773 NA
"709" 28360000 NA 7.45270622651103 NA
"710" 28400000 NA 7.45331834004704 NA
"711" 28440000 NA 7.45392959205773 NA
"712" 28480000 NA 7.45453998496482 NA
"713" 28520000 NA 7.45514952117983 NA
"714" 28560000 NA 7.45575820310414 NA
"715" 28600000 NA 7.45636603312904 NA
"716" 28640000 NA 7.45697301363582 NA
"717" 28680000 NA 7.45757914699576 NA
"718" 28720000 NA 7.45818443557026 NA
"719" 28760000 NA 7.45878888171084 NA
"720" 28800000 NA 7.45939248775923 NA
"721" 28840000 NA 7.45999525604739 NA
"722" 28880000 NA 7.4605971888976 NA
"723" 28920000 NA 7.46119828862249 NA
"724" 28960000 NA 7.46179855752511 NA
"725" 29000000 NA 7.46239799789896 NA
"726" 29040000 NA 7.46299661202806 NA
"727" 29080000 NA 7.463594402187 NA
"728" 29120000 NA 7.464191370641 NA
"729" 29160000 NA 7.46478751964594 NA
"730" 29200000 NA 7.46538285144842 NA
"731" 29240000 NA 7.46597736828582 NA
"732" 29280000 NA 7.46657107238635 NA
"733" 29320000 NA 7.46716396596909 NA
"734" 29360000 4.36983889633008 7.46775605124403 -2.77645533302712
"735" 29400000 4.37443953573834 7.46834733041216 -2.77599834106189
"736" 29440000 4.44277691696792 7.46893780566546 -2.76926625230931
"737" 29480000 4.54092678261127 7.46952747918701 -2.75977625963417
"738" 29520000 4.56877134949546 7.470116353151 -2.75712133534726
"739" 29560000 4.56627568387717 7.47070442972279 -2.75735863107868
"740" 29600000 4.62973810283885 7.47129171105894 -2.75136433473443
"741" 29640000 4.72948079162046 7.47187819930729 -2.74210729311911
"742" 29680000 4.79027989127642 7.47246389660699 -2.73655986952723
"743" 29720000 4.91388526592955 7.47304880508854 -2.72549574713509
"744" 29760000 5.13400682455435 7.47363292687384 -2.70646431743997
"745" 29800000 5.25158508794074 7.47421626407626 -2.69663035261419
"746" 29840000 5.37152578616197 7.47479881880063 -2.68682309416101
"747" 29880000 5.47145740221286 7.47538059314336 -2.6788177366856
"748" 29920000 5.57897748864195 7.47596158919242 -2.67036615005523
"749" 29960000 5.79943726044925 7.47654180902743 -2.65353490457201
"750" 30000000 5.87372192945708 7.47712125471966 -2.64800737653586
"751" 30040000 6.11296684254165 7.47769992833213 -2.63066871894528
"752" 30080000 6.24185800571419 7.4782778319196 -2.62160687427887
"753" 30120000 6.40651245062254 7.47885496752866 -2.61029908457138
"754" 30160000 6.46140681932469 7.47943133719774 -2.6065936733799
"755" 30200000 6.6035686621808 7.48000694295715 -2.59714206119579
"756" 30240000 6.67156491757635 7.48058178682917 -2.59269304279836
"757" 30280000 6.77412761287768 7.48115587082803 -2.58606738533211
"758" 30320000 6.84195774077073 7.48172919696002 -2.58174037163134
"759" 30360000 6.98972104145914 7.48230176722344 -2.57246091560165
"760" 30400000 7.12005559416433 7.48287358360875 -2.56443737440819
"761" 30440000 7.29726002326486 7.48344464809854 -2.55376093733302
"762" 30480000 7.30563519824592 7.48401496266756 -2.55326277684869
"763" 30520000 7.44077008158379 7.48458452928284 -2.54530287395069
"764" 30560000 7.55708525831885 7.48515334990365 -2.53856643716203
"765" 30600000 7.6465172743771 7.48572142648158 -2.53345708508899
"766" 30640000 7.78443756408213 7.48628876096057 -2.52569351939011
"767" 30680000 7.82205621748507 7.48685535527694 -2.52359982615444
"768" 30720000 7.79636459606888 7.48742121135947 -2.52502861842598
"769" 30760000 7.88984943644303 7.48798633112939 -2.51985204351557
"770" 30800000 7.96346833255858 7.48855071650044 -2.51581850168702
"771" 30840000 7.98520033915455 7.48911436937892 -2.51463494253472
"772" 30880000 8.00269017011326 7.4896772916637 -2.51368475587935
"773" 30920000 7.98144035353234 7.49023948524629 -2.51483948663005
"774" 30960000 7.96782931518717 7.49080095201086 -2.51558073690722
"775" 31000000 7.96917724814264 7.49136169383427 -2.51550727269126
"776" 31040000 7.98422593137265 7.49192171258615 -2.51468794129826
"777" 31080000 8.02089916457588 7.49248101012888 -2.51269770247264
"778" 31120000 8.01500626615455 7.49303958831765 -2.51301689285364
"779" 31160000 8.04243990967336 7.49359744900053 -2.51153293438847
"780" 31200000 8.06481803825138 7.49415459401844 -2.51032618597217
"781" 31240000 8.07094620553027 7.49471102520526 -2.50999630641752
"782" 31280000 8.09166284686481 7.49526674438781 -2.50888298023197
"783" 31320000 8.10696388529757 7.49582175338591 -2.50806252073933
"784" 31360000 8.15837505868351 7.4963760540124 -2.50531709215135
"785" 31400000 8.2408027349999 7.49692964807322 -2.50095124077745
"786" 31440000 8.34681309437982 7.49748253736737 -2.49540007038525
"787" 31480000 8.36124417606231 7.49803472368703 -2.4946498526191
"788" 31520000 8.40120118470101 7.49858620881752 -2.49257937413468
"789" 31560000 8.4384944331895 7.49913699453738 -2.49065579084952
"790" 31600000 8.50227812978115 7.4996870826184 -2.48738545140555
"791" 31640000 8.52182106152485 7.50023647482564 -2.48638834829315
"792" 31680000 8.54179487557836 7.50078517291746 -2.48537162109771
"793" 31720000 8.57142652345142 7.50133317864557 -2.48386765247348
"794" 31760000 8.59710653419431 7.50188049375506 -2.48256845058585
"795" 31800000 8.60490588696718 7.50242711998443 -2.48217463432519
"796" 31840000 8.61733404964424 7.50297305906563 -2.48154783044513
"797" 31880000 8.62764160090268 7.50351831272407 -2.48102866320973
"798" 31920000 8.59181639970669 7.50406288267869 -2.48283577115013
"799" 31960000 8.6072690921309 7.50460677064195 -2.48205537839503
"800" 32000000 8.60892995878741 7.50514997831991 -2.48197158461172
"801" 32040000 8.55192497947138 7.5056925074122 -2.48485687664487
"802" 32080000 8.5153413267064 7.50623435961213 -2.48671869828306
"803" 32120000 8.44070523269477 7.50677553660664 -2.49054202502529
"804" 32160000 8.29149011873278 7.50731604007641 -2.4982881715676
"805" 32200000 8.14329534874481 7.50785587169583 -2.50612057259469
"806" 32240000 8.08117307482194 7.50839503313305 -2.50944635090803
"807" 32280000 7.94300216742043 7.50893352605003 -2.51693607802051
"808" 32320000 7.74788758741791 7.50947135210255 -2.5277374480773
"809" 32360000 7.65406721052933 7.51000851294023 -2.53302848762215
"810" 32400000 7.54110149630955 7.51054501020661 -2.53948597304363
"811" 32440000 7.46030699200326 7.51108084553912 -2.54416405999671
"812" 32480000 7.31303916738097 7.51161602056914 -2.5528228596395
"813" 32520000 7.17608731744903 7.51215053692203 -2.56103304458465
"814" 32560000 6.96672660196171 7.51268439621716 -2.57389199139965
"815" 32600000 6.81927160524143 7.51321760006794 -2.58318277074245
"816" 32640000 6.62678890554749 7.51375015008182 -2.59561762259082
"817" 32680000 6.42137830590102 7.51428204786038 -2.60929250259639
"818" 32720000 6.28192863788284 7.51481329499929 -2.61882776053045
"819" 32760000 6.09877662525381 7.51534389308838 -2.63167803196519
"820" 32800000 5.93199934318649 7.51587384371168 -2.64371966480697
"821" 32840000 5.7880776862243 7.5164031484474 -2.65438640759156
"822" 32880000 5.54162363210874 7.51693180886801 -2.67328373240642
"823" 32920000 5.39130616057403 7.51745982654023 -2.68522676390674
"824" 32960000 5.24250013331712 7.51798720302508 -2.69738230889507
"825" 33000000 5.09394467644225 7.51851393987789 -2.70986653514438
"826" 33040000 4.94576497606434 7.51904003864834 -2.72268728433872
"827" 33080000 4.78553896178761 7.51956550088051 -2.73698990265879
"828" 33120000 4.63929870288553 7.52009032811284 -2.750468423454
"829" 33160000 4.48754263697562 7.52061452187824 -2.76491217115812
"830" 33200000 4.34372759309549 7.52113808370404 -2.77905817742328
"831" 33240000 4.20055746628334 7.52166101511207 -2.79361382856801
"832" 33280000 4.05793482707848 7.52218331761869 -2.80861569135892
"833" 33320000 3.91573957831547 7.52270499273475 -2.82410695834115
"834" 33360000 3.77384120577109 7.5232260419657 -2.84013713693826
"835" 33400000 3.63211844361584 7.52374646681156 -2.85676075662565
"836" 33440000 3.49046067022567 7.52426626876698 -2.87403801024519
"837" 33480000 3.34876038105028 7.52478544932122 -2.8920366861592
"838" 33520000 3.20692400829128 7.52530400995824 -2.9108320901275
"839" 33560000 3.06486928716497 7.52582195215666 -2.9305088019427
"840" 33600000 2.92252850617557 7.52633927738984 -2.95116200313856
"841" 33640000 2.77983942617854 7.52685598712587 -2.97290104889185
"842" 33680000 2.63675261264842 7.52737208282761 -2.99585137406951
"843" 33720000 2.49323181874838 7.5278875659527 -3.0201580983335
"844" 33760000 2.34925331940964 7.52840243795362 -3.04599090990643
"845" 33800000 2.20480283054715 7.52891670027766 -3.07355100129725
"846" 33840000 2.05987538876759 7.52943035436699 -3.10307981036156
"847" 33880000 1.91447322039916 7.52994340165867 -3.13487146325013
"848" 33920000 1.7686011425082 7.53045584358468 -3.16929085784514
"849" 33960000 1.62226660169581 7.53096768157191 -3.20679853180876
"850" 34000000 1.47548097042505 7.53147891704226 -3.2479871463878
"851" 34040000 1.3282607270002 7.53198955141255 -3.29363742712934
"852" 34080000 1.18062689634958 7.53249958609466 -3.34480808623651
"853" 34120000 1.03260381350199 7.53300902249549 -3.40298703447248
"854" 34160000 0.884218473641212 7.53351786201697 -3.47036117486205
"855" 34200000 0.735499804213063 7.53402610605614 -3.55033819762038
"856" 34240000 0.586477889393194 7.53453375600512 -3.64866911550745
"857" 34280000 0.437183454603371 7.53504081325116 -3.77625704155012
"858" 34320000 0.287647332451044 7.53554727917667 -3.9580604082039
"859" 34360000 0.137900063886008 7.5360531551592 -4.27735629170179
"860" 34400000 NA 7.53655844257153 NA
"861" 34440000 NA 7.53706314278162 NA
"862" 34480000 NA 7.53756725715268 NA
"863" 34520000 NA 7.53807078704317 NA
"864" 34560000 NA 7.53857373380686 NA
"865" 34600000 NA 7.53907609879278 NA
"866" 34640000 NA 7.53957788334531 NA
"867" 34680000 NA 7.54007908880417 NA
"868" 34720000 NA 7.54057971650445 NA
"869" 34760000 NA 7.54107976777663 NA
"870" 34800000 NA 7.54157924394658 NA
"871" 34840000 NA 7.54207814633563 NA
"872" 34880000 NA 7.54257647626053 NA
"873" 34920000 NA 7.54307423503353 NA
"874" 34960000 NA 7.54357142396237 NA
"875" 35000000 NA 7.54406804435028 NA
"876" 35040000 NA 7.54456409749604 NA
"877" 35080000 NA 7.545059584694 NA
"878" 35120000 NA 7.54555450723406 NA
